Mean accuracy: 0.9637 (std=0.032)
Mean F1 score: 0.9556 (std=0.041)
Mean confusion matrix:
[[9.720e+01 0.000e+00 0.000e+00 0.000e+00 0.000e+00 0.000e+00 0.000e+00
  7.320e+01 0.000e+00]
 [0.000e+00 1.688e+02 2.000e-01 0.000e+00 6.000e-01 0.000e+00 0.000e+00
  6.000e-01 4.000e-01]
 [0.000e+00 0.000e+00 1.698e+02 0.000e+00 2.000e-01 0.000e+00 0.000e+00
  0.000e+00 0.000e+00]
 [0.000e+00 0.000e+00 0.000e+00 1.696e+02 0.000e+00 0.000e+00 0.000e+00
  0.000e+00 0.000e+00]
 [4.000e-01 0.000e+00 0.000e+00 0.000e+00 1.408e+02 0.000e+00 0.000e+00
  0.000e+00 0.000e+00]
 [0.000e+00 0.000e+00 0.000e+00 0.000e+00 0.000e+00 1.706e+02 0.000e+00
  0.000e+00 0.000e+00]
 [2.000e-01 0.000e+00 2.000e-01 0.000e+00 0.000e+00 0.000e+00 4.850e+02
  0.000e+00 0.000e+00]
 [4.000e-01 0.000e+00 0.000e+00 0.000e+00 2.000e-01 0.000e+00 0.000e+00
  1.696e+02 0.000e+00]
 [0.000e+00 8.000e-01 2.000e-01 0.000e+00 0.000e+00 0.000e+00 0.000e+00
  0.000e+00 4.872e+02]]
Total time elapsed: 30945.9224s