Mean accuracy: 0.9635 (std=0.007)
Mean F1 score: 0.9634 (std=0.007)
Mean confusion matrix:
[[1.518e+02 0.000e+00 0.000e+00 0.000e+00 0.000e+00 0.000e+00 0.000e+00
  1.860e+01 0.000e+00]
 [0.000e+00 1.572e+02 6.000e-01 0.000e+00 4.600e+00 2.000e-01 2.000e-01
  4.000e-01 7.400e+00]
 [0.000e+00 0.000e+00 1.650e+02 0.000e+00 1.400e+00 8.000e-01 1.400e+00
  8.000e-01 6.000e-01]
 [0.000e+00 0.000e+00 0.000e+00 1.696e+02 0.000e+00 0.000e+00 0.000e+00
  0.000e+00 0.000e+00]
 [0.000e+00 3.000e+00 3.800e+00 0.000e+00 1.292e+02 0.000e+00 4.200e+00
  8.000e-01 2.000e-01]
 [0.000e+00 0.000e+00 0.000e+00 0.000e+00 0.000e+00 1.706e+02 0.000e+00
  0.000e+00 0.000e+00]
 [1.400e+00 0.000e+00 2.000e+00 0.000e+00 1.600e+00 0.000e+00 4.802e+02
  2.000e-01 0.000e+00]
 [1.780e+01 2.000e-01 2.000e-01 0.000e+00 0.000e+00 0.000e+00 2.400e+00
  1.496e+02 0.000e+00]
 [0.000e+00 3.000e+00 0.000e+00 0.000e+00 2.000e-01 0.000e+00 0.000e+00
  0.000e+00 4.850e+02]]
Total time elapsed: 5192.6501s