Mean accuracy: 0.8908 (std=0.005)
Mean F1 score: 0.8908 (std=0.005)
Mean confusion matrix:
[[1.588e+02 6.000e-01 0.000e+00 0.000e+00 0.000e+00 0.000e+00 0.000e+00
  1.080e+01 2.000e-01]
 [1.400e+00 1.512e+02 7.000e+00 2.000e-01 1.800e+00 0.000e+00 1.800e+00
  3.600e+00 3.600e+00]
 [0.000e+00 3.800e+00 1.270e+02 0.000e+00 2.220e+01 6.200e+00 4.600e+00
  8.000e-01 5.400e+00]
 [0.000e+00 4.000e-01 8.000e-01 1.570e+02 1.000e+00 0.000e+00 3.200e+00
  2.000e-01 7.000e+00]
 [1.000e+00 3.600e+00 1.380e+01 2.000e-01 1.128e+02 6.000e+00 2.000e+00
  1.600e+00 2.000e-01]
 [0.000e+00 0.000e+00 1.200e+00 2.000e-01 1.400e+00 1.678e+02 0.000e+00
  0.000e+00 0.000e+00]
 [6.200e+00 0.000e+00 1.020e+01 2.000e-01 4.200e+00 4.000e-01 4.522e+02
  1.000e+00 1.100e+01]
 [1.540e+01 4.000e-01 2.000e-01 0.000e+00 0.000e+00 0.000e+00 4.000e-01
  1.536e+02 2.000e-01]
 [2.600e+00 4.000e+00 4.600e+00 1.200e+00 0.000e+00 0.000e+00 5.180e+01
  1.400e+00 4.226e+02]]
Total time elapsed: 10201.9249s