Mean accuracy: 0.9786 (std=0.0055)
Mean F1 score: 0.9786 (std=0.0056)
Mean confusion matrix:
[[1.552e+02 0.000e+00 0.000e+00 0.000e+00 0.000e+00 0.000e+00 0.000e+00
  1.520e+01 0.000e+00]
 [0.000e+00 1.684e+02 0.000e+00 0.000e+00 6.000e-01 0.000e+00 2.000e-01
  2.000e-01 1.200e+00]
 [0.000e+00 0.000e+00 1.658e+02 0.000e+00 3.000e+00 0.000e+00 8.000e-01
  4.000e-01 0.000e+00]
 [0.000e+00 0.000e+00 0.000e+00 1.696e+02 0.000e+00 0.000e+00 0.000e+00
  0.000e+00 0.000e+00]
 [0.000e+00 2.000e-01 2.800e+00 2.000e-01 1.352e+02 0.000e+00 1.000e+00
  1.200e+00 6.000e-01]
 [0.000e+00 0.000e+00 0.000e+00 0.000e+00 0.000e+00 1.706e+02 0.000e+00
  0.000e+00 0.000e+00]
 [1.000e+00 0.000e+00 1.600e+00 0.000e+00 1.000e+00 0.000e+00 4.796e+02
  2.000e+00 2.000e-01]
 [8.800e+00 2.000e-01 2.000e-01 0.000e+00 4.000e-01 0.000e+00 1.200e+00
  1.594e+02 0.000e+00]
 [2.000e-01 8.000e-01 0.000e+00 0.000e+00 0.000e+00 0.000e+00 4.000e-01
  2.000e-01 4.866e+02]]
Total time elapsed: 3022.7170s