Mean accuracy: 0.9914 (std=0.003)
Mean F1 score: 0.9914 (std=0.003)
Mean confusion matrix:
[[1.660e+02 0.000e+00 0.000e+00 0.000e+00 2.000e-01 0.000e+00 0.000e+00
  4.200e+00 0.000e+00]
 [4.000e-01 1.686e+02 0.000e+00 0.000e+00 6.000e-01 0.000e+00 2.000e-01
  4.000e-01 4.000e-01]
 [0.000e+00 0.000e+00 1.676e+02 0.000e+00 6.000e-01 2.000e-01 1.400e+00
  2.000e-01 0.000e+00]
 [0.000e+00 0.000e+00 0.000e+00 1.696e+02 0.000e+00 0.000e+00 0.000e+00
  0.000e+00 0.000e+00]
 [0.000e+00 8.000e-01 1.200e+00 0.000e+00 1.390e+02 0.000e+00 2.000e-01
  0.000e+00 0.000e+00]
 [0.000e+00 0.000e+00 0.000e+00 0.000e+00 0.000e+00 1.706e+02 0.000e+00
  0.000e+00 0.000e+00]
 [4.000e-01 0.000e+00 6.000e-01 0.000e+00 2.000e-01 0.000e+00 4.842e+02
  0.000e+00 0.000e+00]
 [4.800e+00 0.000e+00 2.000e-01 0.000e+00 0.000e+00 0.000e+00 4.000e-01
  1.648e+02 0.000e+00]
 [0.000e+00 4.000e-01 2.000e-01 0.000e+00 0.000e+00 0.000e+00 2.000e-01
  0.000e+00 4.874e+02]]
Total time elapsed: 56846.1994s