Mean accuracy: 0.5199 (std=0.0069)
Mean F1 score: 0.5447 (std=0.0083)
Mean confusion matrix:
[[2.260e+01 1.408e+02 0.000e+00 0.000e+00 8.000e-01 0.000e+00 0.000e+00
  6.200e+00 0.000e+00]
 [1.600e+00 1.590e+02 8.000e-01 0.000e+00 5.400e+00 0.000e+00 4.000e-01
  1.800e+00 1.600e+00]
 [5.200e+00 7.700e+01 3.320e+01 0.000e+00 2.160e+01 2.000e-01 8.600e+00
  1.900e+01 5.200e+00]
 [7.800e+00 3.120e+01 6.800e+00 9.340e+01 1.660e+01 0.000e+00 1.600e+00
  9.800e+00 2.400e+00]
 [4.000e-01 4.900e+01 1.800e+00 0.000e+00 8.400e+01 0.000e+00 4.200e+00
  1.800e+00 0.000e+00]
 [4.000e-01 1.400e+00 1.040e+01 1.600e+00 3.300e+01 1.170e+02 6.800e+00
  0.000e+00 0.000e+00]
 [3.440e+01 5.700e+01 1.920e+01 0.000e+00 4.320e+01 0.000e+00 2.576e+02
  2.600e+01 4.800e+01]
 [3.000e+00 1.108e+02 0.000e+00 0.000e+00 0.000e+00 0.000e+00 0.000e+00
  5.620e+01 2.000e-01]
 [2.420e+01 5.880e+01 8.800e+00 0.000e+00 4.760e+01 0.000e+00 4.380e+01
  1.740e+01 2.876e+02]]
Total time elapsed: 681.9054s