Mean accuracy: 0.8075 (std=0.009)
Mean F1 score: 0.8047 (std=0.010)
Mean confusion matrix:
[[1.198e+02 3.800e+00 2.100e+01 8.000e-01 5.400e+00 0.000e+00 8.800e+00
  1.000e+01 8.000e-01]
 [4.000e+00 1.420e+02 3.600e+00 0.000e+00 7.000e+00 0.000e+00 9.800e+00
  3.800e+00 4.000e-01]
 [2.680e+01 4.200e+00 8.580e+01 1.000e+00 1.320e+01 1.200e+00 2.340e+01
  9.200e+00 5.200e+00]
 [2.000e-01 0.000e+00 6.000e-01 1.664e+02 4.000e-01 0.000e+00 4.000e-01
  0.000e+00 1.600e+00]
 [6.800e+00 4.200e+00 1.860e+01 1.400e+00 7.060e+01 5.400e+00 1.360e+01
  5.000e+00 1.560e+01]
 [0.000e+00 0.000e+00 2.000e-01 0.000e+00 2.400e+00 1.566e+02 6.000e-01
  0.000e+00 1.080e+01]
 [8.600e+00 4.400e+00 1.580e+01 1.800e+00 9.800e+00 1.400e+00 4.050e+02
  1.660e+01 2.200e+01]
 [8.400e+00 3.800e+00 6.400e+00 2.000e-01 3.200e+00 1.000e+00 2.080e+01
  1.250e+02 1.400e+00]
 [6.000e-01 2.000e-01 2.200e+00 2.000e+00 8.600e+00 3.600e+00 1.680e+01
  4.000e-01 4.538e+02]]
Total time elapsed: 1067.1915s