Mean accuracy: 0.7160 (std=0.006)
Mean F1 score: 0.6875 (std=0.010)
Mean confusion matrix:
[[1.570e+02 2.600e+00 0.000e+00 0.000e+00 0.000e+00 0.000e+00 4.000e-01
  1.020e+01 2.000e-01]
 [2.780e+01 1.138e+02 0.000e+00 0.000e+00 0.000e+00 0.000e+00 2.200e+00
  2.400e+00 2.440e+01]
 [1.720e+01 2.800e+00 2.840e+01 0.000e+00 2.400e+00 8.000e-01 6.040e+01
  7.600e+00 5.040e+01]
 [0.000e+00 0.000e+00 0.000e+00 5.280e+01 0.000e+00 0.000e+00 5.000e+01
  0.000e+00 6.680e+01]
 [1.800e+01 1.960e+01 2.000e-01 0.000e+00 5.580e+01 2.000e-01 7.800e+00
  4.000e+00 3.560e+01]
 [0.000e+00 0.000e+00 0.000e+00 0.000e+00 0.000e+00 1.616e+02 6.000e+00
  0.000e+00 3.000e+00]
 [7.600e+00 6.000e-01 3.600e+00 0.000e+00 4.000e-01 0.000e+00 4.234e+02
  1.000e+00 4.880e+01]
 [6.780e+01 1.640e+01 0.000e+00 0.000e+00 0.000e+00 0.000e+00 1.800e+00
  8.220e+01 2.000e+00]
 [4.000e-01 4.000e-01 0.000e+00 0.000e+00 0.000e+00 0.000e+00 3.260e+01
  2.000e-01 4.546e+02]]
Total time elapsed: 87.9789s