Mean accuracy: 0.6637 (std=0.011)
Mean F1 score: 0.6562 (std=0.011)
Mean confusion matrix:
[[1.538e+02 3.600e+00 6.000e-01 0.000e+00 0.000e+00 0.000e+00 4.000e-01
  1.200e+01 0.000e+00]
 [5.000e+01 8.640e+01 4.200e+00 6.000e-01 3.400e+00 0.000e+00 7.600e+00
  1.700e+01 1.400e+00]
 [2.820e+01 2.220e+01 5.640e+01 4.000e-01 7.400e+00 4.200e+00 2.180e+01
  1.820e+01 1.120e+01]
 [0.000e+00 2.000e-01 1.680e+01 9.520e+01 8.000e+00 0.000e+00 4.080e+01
  0.000e+00 8.600e+00]
 [2.680e+01 1.080e+01 2.360e+01 4.000e+00 2.760e+01 1.800e+00 3.260e+01
  1.360e+01 4.000e-01]
 [0.000e+00 0.000e+00 6.000e-01 2.000e-01 6.000e-01 1.684e+02 6.000e-01
  0.000e+00 2.000e-01]
 [2.100e+01 7.800e+00 2.000e+01 1.200e+00 1.620e+01 0.000e+00 3.686e+02
  7.000e+00 4.360e+01]
 [2.900e+01 2.220e+01 2.400e+00 0.000e+00 0.000e+00 0.000e+00 2.000e-01
  1.162e+02 2.000e-01]
 [2.600e+00 2.600e+00 1.520e+01 1.680e+01 5.200e+00 2.000e-01 9.700e+01
  3.400e+00 3.452e+02]]
Total time elapsed: 204.7753s