Mean accuracy: 0.9150 (std=0.005)
Mean F1 score: 0.9148 (std=0.006)
Mean confusion matrix:
[[1.588e+02 8.000e-01 0.000e+00 0.000e+00 6.000e-01 0.000e+00 4.000e-01
  9.800e+00 0.000e+00]
 [1.600e+00 1.602e+02 1.800e+00 4.000e-01 1.800e+00 0.000e+00 1.600e+00
  6.000e-01 2.600e+00]
 [1.000e+00 1.200e+00 1.314e+02 0.000e+00 1.360e+01 5.400e+00 6.800e+00
  2.000e+00 8.600e+00]
 [0.000e+00 2.000e-01 4.000e-01 1.624e+02 1.000e+00 0.000e+00 1.200e+00
  0.000e+00 4.400e+00]
 [3.400e+00 2.200e+00 1.260e+01 0.000e+00 1.186e+02 1.400e+00 1.600e+00
  1.400e+00 0.000e+00]
 [0.000e+00 0.000e+00 1.000e+00 4.000e-01 4.000e-01 1.680e+02 0.000e+00
  0.000e+00 8.000e-01]
 [4.800e+00 6.000e-01 1.160e+01 6.000e-01 8.000e+00 0.000e+00 4.444e+02
  2.200e+00 1.320e+01]
 [5.000e+00 4.000e-01 2.000e-01 0.000e+00 4.000e-01 0.000e+00 1.000e+00
  1.630e+02 2.000e-01]
 [8.000e-01 2.600e+00 3.400e+00 3.000e+00 0.000e+00 3.200e+00 2.680e+01
  6.000e-01 4.478e+02]]
Total time elapsed: 709.1776s