Mean accuracy: 0.3017 (std=0.007)
Mean F1 score: 0.2764 (std=0.008)
Mean confusion matrix:
[[3.040e+01 6.000e-01 1.600e+00 2.000e-01 2.400e+00 2.000e-01 9.160e+01
  5.200e+00 3.820e+01]
 [3.400e+00 8.800e+01 6.000e-01 2.000e+00 0.000e+00 6.000e-01 4.560e+01
  1.200e+00 2.920e+01]
 [6.400e+00 4.200e+00 1.300e+01 2.000e+00 1.200e+00 1.400e+00 5.760e+01
  2.820e+01 5.600e+01]
 [3.400e+00 1.400e+00 6.200e+00 2.560e+01 1.400e+00 3.400e+00 5.900e+01
  2.600e+00 6.660e+01]
 [1.100e+01 4.800e+00 2.200e+00 2.000e+00 2.200e+00 1.400e+00 4.760e+01
  1.580e+01 5.420e+01]
 [4.600e+00 1.200e+01 4.200e+00 7.000e+00 2.400e+00 1.040e+01 6.300e+01
  3.800e+00 6.320e+01]
 [1.360e+01 7.000e+00 8.000e+00 2.420e+01 3.400e+00 9.200e+00 2.464e+02
  7.200e+00 1.664e+02]
 [1.600e+00 2.600e+00 2.000e+00 0.000e+00 8.000e-01 2.600e+00 5.180e+01
  5.260e+01 5.620e+01]
 [1.540e+01 2.240e+01 1.540e+01 4.180e+01 5.600e+00 1.400e+01 1.850e+02
  1.280e+01 1.758e+02]]
Total time elapsed: 2.4743s