Mean accuracy: 0.8981 (std=0.048)
Mean F1 score: 0.8974 (std=0.048)
Mean confusion matrix:
[[1.686e+02 1.000e+00 0.000e+00 0.000e+00 0.000e+00 0.000e+00 0.000e+00
  8.000e-01 0.000e+00]
 [3.200e+00 1.330e+02 1.320e+01 3.600e+00 2.800e+00 2.000e-01 2.000e+00
  1.400e+00 1.120e+01]
 [2.400e+00 0.000e+00 1.516e+02 0.000e+00 0.000e+00 1.000e+00 1.320e+01
  0.000e+00 1.800e+00]
 [0.000e+00 0.000e+00 0.000e+00 1.568e+02 0.000e+00 2.000e-01 1.020e+01
  0.000e+00 2.400e+00]
 [7.600e+00 8.200e+00 3.400e+00 6.000e-01 9.700e+01 0.000e+00 1.300e+01
  3.000e+00 8.400e+00]
 [0.000e+00 0.000e+00 1.000e+00 0.000e+00 4.600e+00 1.480e+02 1.180e+01
  8.000e-01 4.400e+00]
 [3.600e+00 1.600e+00 4.400e+00 6.600e+00 6.600e+00 2.800e+00 4.510e+02
  8.800e+00 0.000e+00]
 [2.000e-01 0.000e+00 0.000e+00 2.000e-01 2.000e-01 4.000e-01 2.200e+00
  1.670e+02 0.000e+00]
 [0.000e+00 2.400e+00 1.200e+00 0.000e+00 3.000e+01 6.200e+00 2.800e+00
  0.000e+00 4.456e+02]]
Total time elapsed: 19198.9172s