Mean accuracy: 0.3165 (std=0.008)
Mean F1 score: 0.3122 (std=0.007)
Mean confusion matrix:
[[ 63.    0.2   7.    1.2  13.6   0.8  51.    4.2  29.4]
 [ 19.4  82.6   3.6   5.4   1.8  10.   22.8   3.   22. ]
 [ 11.8   3.6  34.2   4.4   4.8  10.6  34.2  26.6  39.8]
 [  7.8   6.6  15.   33.6   9.6   2.4  39.8   7.6  47.2]
 [ 18.8   5.2   7.    2.8  15.2   0.   28.6  19.   44.6]
 [  5.4  13.8   6.2   6.    6.2  71.8  29.6   8.   23.6]
 [ 18.4  15.8  21.6  27.4  18.2  58.8 184.4  16.  124.8]
 [  1.6   5.    5.6   0.    5.6  21.4  27.6  63.   40.4]
 [ 29.4  27.4  32.6  59.8  20.2  30.4 122.4  37.8 128.2]]
Total time elapsed: 160.0875s