Mean accuracy: 0.9921 (std=0.002)
Mean F1 score: 0.9921 (std=0.002)
Mean confusion matrix:
[[1.644e+02 0.000e+00 0.000e+00 0.000e+00 0.000e+00 0.000e+00 2.000e-01
  5.800e+00 0.000e+00]
 [0.000e+00 1.702e+02 0.000e+00 0.000e+00 0.000e+00 0.000e+00 0.000e+00
  4.000e-01 0.000e+00]
 [2.000e-01 0.000e+00 1.696e+02 0.000e+00 2.000e-01 0.000e+00 0.000e+00
  0.000e+00 0.000e+00]
 [0.000e+00 0.000e+00 0.000e+00 1.696e+02 0.000e+00 0.000e+00 0.000e+00
  0.000e+00 0.000e+00]
 [2.000e-01 2.000e-01 8.000e-01 0.000e+00 1.392e+02 0.000e+00 6.000e-01
  0.000e+00 2.000e-01]
 [0.000e+00 0.000e+00 0.000e+00 0.000e+00 0.000e+00 1.706e+02 0.000e+00
  0.000e+00 0.000e+00]
 [0.000e+00 0.000e+00 0.000e+00 0.000e+00 0.000e+00 0.000e+00 4.854e+02
  0.000e+00 0.000e+00]
 [6.000e+00 0.000e+00 4.000e-01 0.000e+00 2.000e-01 0.000e+00 2.000e-01
  1.632e+02 2.000e-01]
 [0.000e+00 2.000e-01 4.000e-01 0.000e+00 2.000e-01 0.000e+00 2.000e-01
  0.000e+00 4.872e+02]]
Total time elapsed: 126.4879s