Mean accuracy: 0.2651 (std=0.006)
Mean F1 score: 0.2541 (std=0.007)
Mean confusion matrix:
[[154.2  16.2   0.    0.    0.    0.    0.    0.    0. ]
 [ 98.4  45.4   3.8   2.4  12.4   0.2   0.2   7.8   0. ]
 [  8.4  46.6  11.8  22.   22.6   8.6   6.   35.6   8.4]
 [  0.    0.   55.6  10.   79.8  11.8   0.    0.   12.4]
 [ 23.6  18.6  29.2  16.2  35.8   0.2   0.4  16.8   0.4]
 [  0.    0.    1.   36.2   0.   46.   55.8   0.   31.6]
 [  0.6  16.6  30.   94.4  55.4  43.6 170.   32.6  42.2]
 [104.6  39.2  18.    1.2   0.6   0.2   0.    1.    5.4]
 [  0.6   3.4  25.2  61.4  29.   88.4 181.6   6.4  92.2]]
Total time elapsed: 1.1847s