Mean accuracy: 0.9754 (std=0.0040)
Mean F1 score: 0.9753 (std=0.0041)
Mean confusion matrix:
[[1.548e+02 0.000e+00 0.000e+00 0.000e+00 0.000e+00 0.000e+00 6.000e-01
  1.500e+01 0.000e+00]
 [2.000e-01 1.654e+02 2.000e-01 0.000e+00 8.000e-01 0.000e+00 2.000e-01
  2.000e-01 3.600e+00]
 [0.000e+00 0.000e+00 1.660e+02 0.000e+00 1.600e+00 6.000e-01 1.400e+00
  2.000e-01 2.000e-01]
 [0.000e+00 0.000e+00 0.000e+00 1.696e+02 0.000e+00 0.000e+00 0.000e+00
  0.000e+00 0.000e+00]
 [0.000e+00 8.000e-01 2.400e+00 0.000e+00 1.346e+02 0.000e+00 2.400e+00
  4.000e-01 6.000e-01]
 [0.000e+00 0.000e+00 0.000e+00 0.000e+00 0.000e+00 1.706e+02 0.000e+00
  0.000e+00 0.000e+00]
 [0.000e+00 0.000e+00 8.000e-01 0.000e+00 1.400e+00 0.000e+00 4.828e+02
  4.000e-01 0.000e+00]
 [1.540e+01 0.000e+00 1.000e+00 0.000e+00 0.000e+00 0.000e+00 1.600e+00
  1.518e+02 4.000e-01]
 [0.000e+00 0.000e+00 0.000e+00 0.000e+00 0.000e+00 0.000e+00 0.000e+00
  2.000e-01 4.880e+02]]
Total time elapsed: 721285.4853s