Mean accuracy: 0.4156 (std=0.006)
Mean F1 score: 0.4004 (std=0.005)
Mean confusion matrix:
[[1.704e+02 0.000e+00 0.000e+00 0.000e+00 0.000e+00 0.000e+00 0.000e+00
  0.000e+00 0.000e+00]
 [1.428e+02 2.500e+01 0.000e+00 0.000e+00 0.000e+00 0.000e+00 0.000e+00
  2.800e+00 0.000e+00]
 [1.272e+02 2.000e-01 2.560e+01 0.000e+00 4.000e-01 1.640e+01 0.000e+00
  2.000e-01 0.000e+00]
 [0.000e+00 1.200e+00 0.000e+00 1.662e+02 0.000e+00 0.000e+00 0.000e+00
  0.000e+00 2.200e+00]
 [1.266e+02 1.040e+01 0.000e+00 6.000e-01 3.400e+00 0.000e+00 0.000e+00
  2.000e-01 0.000e+00]
 [2.000e-01 0.000e+00 0.000e+00 0.000e+00 8.000e-01 1.696e+02 0.000e+00
  0.000e+00 0.000e+00]
 [1.460e+02 0.000e+00 1.200e+01 0.000e+00 0.000e+00 6.500e+01 2.496e+02
  1.220e+01 6.000e-01]
 [1.458e+02 0.000e+00 0.000e+00 0.000e+00 0.000e+00 0.000e+00 0.000e+00
  2.440e+01 0.000e+00]
 [4.180e+01 2.232e+02 2.200e+00 0.000e+00 0.000e+00 1.070e+02 0.000e+00
  6.040e+01 5.360e+01]]
Total time elapsed: 211.8888s