Mean accuracy: 0.9998 (std=0.000)
Mean F1 score: 0.9998 (std=0.000)
Mean confusion matrix:
[[1.704e+02 0.000e+00 0.000e+00 0.000e+00 0.000e+00 0.000e+00 0.000e+00
  0.000e+00 0.000e+00]
 [0.000e+00 1.706e+02 0.000e+00 0.000e+00 0.000e+00 0.000e+00 0.000e+00
  0.000e+00 0.000e+00]
 [0.000e+00 0.000e+00 1.700e+02 0.000e+00 0.000e+00 0.000e+00 0.000e+00
  0.000e+00 0.000e+00]
 [0.000e+00 0.000e+00 0.000e+00 1.696e+02 0.000e+00 0.000e+00 0.000e+00
  0.000e+00 0.000e+00]
 [0.000e+00 2.000e-01 0.000e+00 0.000e+00 1.408e+02 0.000e+00 0.000e+00
  0.000e+00 2.000e-01]
 [0.000e+00 0.000e+00 0.000e+00 0.000e+00 0.000e+00 1.706e+02 0.000e+00
  0.000e+00 0.000e+00]
 [0.000e+00 0.000e+00 0.000e+00 0.000e+00 0.000e+00 0.000e+00 4.854e+02
  0.000e+00 0.000e+00]
 [0.000e+00 0.000e+00 0.000e+00 0.000e+00 0.000e+00 0.000e+00 0.000e+00
  1.702e+02 0.000e+00]
 [0.000e+00 0.000e+00 0.000e+00 0.000e+00 0.000e+00 0.000e+00 0.000e+00
  0.000e+00 4.882e+02]]
Total time elapsed: 71422.4892s