Mean accuracy: 0.8099 (std=0.0083)
Mean F1 score: 0.8097 (std=0.0086)
Mean confusion matrix:
[[1.414e+02 2.800e+00 2.000e-01 0.000e+00 2.000e-01 0.000e+00 1.000e+00
  2.480e+01 0.000e+00]
 [3.080e+01 1.134e+02 1.600e+00 0.000e+00 8.600e+00 0.000e+00 1.200e+00
  6.200e+00 8.800e+00]
 [6.400e+00 2.000e+00 1.060e+02 8.000e-01 5.400e+00 3.600e+00 2.080e+01
  7.200e+00 1.780e+01]
 [4.000e-01 0.000e+00 8.000e-01 1.298e+02 2.000e-01 0.000e+00 1.180e+01
  2.000e-01 2.640e+01]
 [1.140e+01 2.040e+01 5.600e+00 2.000e-01 9.200e+01 0.000e+00 1.000e+00
  5.000e+00 5.600e+00]
 [0.000e+00 0.000e+00 8.000e-01 0.000e+00 2.000e-01 1.638e+02 1.800e+00
  0.000e+00 4.000e+00]
 [1.260e+01 1.000e+00 1.720e+01 2.000e-01 3.600e+00 0.000e+00 4.156e+02
  3.400e+00 3.180e+01]
 [4.460e+01 1.240e+01 4.000e-01 0.000e+00 1.000e+00 0.000e+00 6.000e-01
  1.098e+02 1.400e+00]
 [2.200e+00 1.000e+00 1.200e+00 8.000e-01 2.000e-01 0.000e+00 2.260e+01
  1.800e+00 4.584e+02]]
Total time elapsed: 1084.7823s