Mean accuracy: 0.9647 (std=0.001)
Mean F1 score: 0.9647 (std=0.001)
Mean confusion matrix:
[[3.7472e+03 1.1400e+01 3.2200e+01 3.0400e+01 1.2800e+01 4.8000e+00
  1.6200e+01 1.1800e+01 5.4000e+00 1.2200e+01 1.5800e+01 1.5800e+01]
 [3.1200e+01 5.9720e+02 0.0000e+00 0.0000e+00 0.0000e+00 7.6000e+00
  0.0000e+00 2.0000e-01 2.0000e-01 0.0000e+00 2.0000e-01 0.0000e+00]
 [1.0600e+01 0.0000e+00 6.8780e+02 0.0000e+00 0.0000e+00 0.0000e+00
  0.0000e+00 0.0000e+00 0.0000e+00 0.0000e+00 0.0000e+00 0.0000e+00]
 [2.0000e+01 0.0000e+00 0.0000e+00 5.9400e+02 0.0000e+00 0.0000e+00
  0.0000e+00 0.0000e+00 0.0000e+00 0.0000e+00 0.0000e+00 0.0000e+00]
 [1.2000e+01 0.0000e+00 0.0000e+00 0.0000e+00 6.0820e+02 0.0000e+00
  0.0000e+00 0.0000e+00 0.0000e+00 0.0000e+00 0.0000e+00 0.0000e+00]
 [4.4000e+00 5.6000e+00 0.0000e+00 0.0000e+00 0.0000e+00 6.0420e+02
  0.0000e+00 6.0000e-01 0.0000e+00 0.0000e+00 0.0000e+00 0.0000e+00]
 [2.9200e+01 1.4000e+00 0.0000e+00 0.0000e+00 0.0000e+00 0.0000e+00
  5.8100e+02 0.0000e+00 0.0000e+00 0.0000e+00 0.0000e+00 0.0000e+00]
 [1.1400e+01 1.6000e+00 0.0000e+00 0.0000e+00 0.0000e+00 0.0000e+00
  0.0000e+00 6.1560e+02 2.2000e+00 0.0000e+00 0.0000e+00 0.0000e+00]
 [2.0400e+01 6.0000e-01 0.0000e+00 0.0000e+00 0.0000e+00 0.0000e+00
  2.0000e-01 8.0000e-01 6.0160e+02 0.0000e+00 2.0000e-01 0.0000e+00]
 [1.2600e+01 2.0000e-01 0.0000e+00 0.0000e+00 0.0000e+00 0.0000e+00
  0.0000e+00 0.0000e+00 0.0000e+00 5.9860e+02 0.0000e+00 0.0000e+00]
 [1.9000e+01 1.0000e+00 0.0000e+00 0.0000e+00 0.0000e+00 0.0000e+00
  2.0000e-01 0.0000e+00 0.0000e+00 0.0000e+00 5.1800e+02 0.0000e+00]
 [1.7200e+01 0.0000e+00 0.0000e+00 0.0000e+00 0.0000e+00 0.0000e+00
  0.0000e+00 0.0000e+00 0.0000e+00 0.0000e+00 0.0000e+00 6.2400e+02]]
Total time elapsed: 1640.6904s