Mean accuracy: 0.7954 (std=0.020)
Mean F1 score: 0.7909 (std=0.024)
Mean confusion matrix:
[[3.2626e+03 4.4400e+01 6.7400e+01 5.1200e+01 5.9000e+01 6.7000e+01
  5.9800e+01 6.6000e+01 4.6000e+01 5.6000e+01 6.2400e+01 7.4200e+01]
 [1.4520e+02 3.0620e+02 2.0000e-01 8.0000e+00 3.2000e+00 1.6120e+02
  6.6000e+00 1.2000e+00 0.0000e+00 0.0000e+00 4.8000e+00 0.0000e+00]
 [6.0600e+01 0.0000e+00 6.3240e+02 0.0000e+00 5.0000e+00 4.0000e-01
  0.0000e+00 0.0000e+00 0.0000e+00 0.0000e+00 0.0000e+00 0.0000e+00]
 [1.7780e+02 8.0000e-01 2.0000e-01 4.0340e+02 0.0000e+00 5.8000e+00
  1.2000e+01 1.1800e+01 6.0000e-01 1.6000e+00 0.0000e+00 0.0000e+00]
 [1.6800e+01 1.0000e+00 0.0000e+00 0.0000e+00 5.9980e+02 2.6000e+00
  0.0000e+00 0.0000e+00 0.0000e+00 0.0000e+00 0.0000e+00 0.0000e+00]
 [7.0000e+01 7.3600e+01 0.0000e+00 8.0000e+00 4.0000e-01 4.3940e+02
  1.8800e+01 3.6000e+00 0.0000e+00 0.0000e+00 1.0000e+00 0.0000e+00]
 [5.6000e+01 8.8000e+00 0.0000e+00 4.8000e+00 0.0000e+00 1.5600e+01
  5.2580e+02 4.0000e-01 0.0000e+00 2.0000e-01 0.0000e+00 0.0000e+00]
 [8.7200e+01 4.0000e-01 2.0000e-01 9.6000e+00 0.0000e+00 1.6600e+01
  4.0000e-01 4.2380e+02 8.5600e+01 0.0000e+00 7.0000e+00 0.0000e+00]
 [1.0580e+02 0.0000e+00 0.0000e+00 0.0000e+00 0.0000e+00 2.0000e+00
  0.0000e+00 8.5200e+01 3.8780e+02 0.0000e+00 4.2400e+01 6.0000e-01]
 [5.6400e+01 1.6000e+00 0.0000e+00 0.0000e+00 2.0000e-01 8.0000e-01
  0.0000e+00 0.0000e+00 1.4000e+00 5.4060e+02 1.0400e+01 0.0000e+00]
 [7.0200e+01 1.6000e+00 0.0000e+00 0.0000e+00 0.0000e+00 1.8000e+00
  0.0000e+00 1.0000e+00 1.1200e+01 4.0000e+00 4.4840e+02 0.0000e+00]
 [5.5400e+01 0.0000e+00 0.0000e+00 0.0000e+00 0.0000e+00 0.0000e+00
  0.0000e+00 0.0000e+00 0.0000e+00 0.0000e+00 0.0000e+00 5.8580e+02]]
Total time elapsed: 87958.9657s