Mean accuracy: 0.9930 (std=0.001)
Mean F1 score: 0.9930 (std=0.001)
Mean confusion matrix:
[[3.9056e+03 1.0000e+00 1.4000e+00 1.2000e+00 2.0000e-01 2.0000e-01
  1.6000e+00 0.0000e+00 1.0000e+00 1.6000e+00 8.0000e-01 1.4000e+00]
 [1.9400e+01 6.1360e+02 0.0000e+00 0.0000e+00 0.0000e+00 3.6000e+00
  0.0000e+00 0.0000e+00 0.0000e+00 0.0000e+00 0.0000e+00 0.0000e+00]
 [4.2000e+00 0.0000e+00 6.9420e+02 0.0000e+00 0.0000e+00 0.0000e+00
  0.0000e+00 0.0000e+00 0.0000e+00 0.0000e+00 0.0000e+00 0.0000e+00]
 [4.0000e+00 0.0000e+00 0.0000e+00 6.1000e+02 0.0000e+00 0.0000e+00
  0.0000e+00 0.0000e+00 0.0000e+00 0.0000e+00 0.0000e+00 0.0000e+00]
 [4.0000e-01 0.0000e+00 0.0000e+00 0.0000e+00 6.1980e+02 0.0000e+00
  0.0000e+00 0.0000e+00 0.0000e+00 0.0000e+00 0.0000e+00 0.0000e+00]
 [4.0000e-01 2.2000e+00 0.0000e+00 0.0000e+00 0.0000e+00 6.1220e+02
  0.0000e+00 0.0000e+00 0.0000e+00 0.0000e+00 0.0000e+00 0.0000e+00]
 [6.8000e+00 0.0000e+00 0.0000e+00 0.0000e+00 0.0000e+00 0.0000e+00
  6.0480e+02 0.0000e+00 0.0000e+00 0.0000e+00 0.0000e+00 0.0000e+00]
 [2.0000e+00 0.0000e+00 0.0000e+00 0.0000e+00 0.0000e+00 0.0000e+00
  0.0000e+00 6.2800e+02 8.0000e-01 0.0000e+00 0.0000e+00 0.0000e+00]
 [5.8000e+00 0.0000e+00 0.0000e+00 0.0000e+00 0.0000e+00 0.0000e+00
  0.0000e+00 2.0000e-01 6.1780e+02 0.0000e+00 0.0000e+00 0.0000e+00]
 [5.4000e+00 0.0000e+00 0.0000e+00 0.0000e+00 0.0000e+00 0.0000e+00
  0.0000e+00 0.0000e+00 0.0000e+00 6.0600e+02 0.0000e+00 0.0000e+00]
 [4.4000e+00 0.0000e+00 0.0000e+00 0.0000e+00 0.0000e+00 0.0000e+00
  0.0000e+00 0.0000e+00 0.0000e+00 0.0000e+00 5.3380e+02 0.0000e+00]
 [5.2000e+00 0.0000e+00 0.0000e+00 0.0000e+00 0.0000e+00 0.0000e+00
  0.0000e+00 0.0000e+00 0.0000e+00 0.0000e+00 0.0000e+00 6.3600e+02]]
Total time elapsed: 67629.4978s