Mean accuracy: 0.8783 (std=0.002)
Mean F1 score: 0.8774 (std=0.002)
Mean confusion matrix:
[[3.341e+03 4.340e+01 6.780e+01 6.900e+01 4.780e+01 3.840e+01 6.200e+01
  4.660e+01 5.880e+01 5.000e+01 2.760e+01 6.360e+01]
 [8.860e+01 4.594e+02 0.000e+00 3.400e+00 2.200e+00 4.860e+01 1.800e+00
  1.280e+01 8.000e-01 7.400e+00 1.160e+01 0.000e+00]
 [2.420e+01 0.000e+00 6.742e+02 0.000e+00 0.000e+00 0.000e+00 0.000e+00
  0.000e+00 0.000e+00 0.000e+00 0.000e+00 0.000e+00]
 [3.000e+01 0.000e+00 0.000e+00 5.788e+02 0.000e+00 0.000e+00 4.200e+00
  0.000e+00 0.000e+00 2.000e-01 0.000e+00 8.000e-01]
 [3.000e+01 3.200e+00 0.000e+00 0.000e+00 5.842e+02 8.000e-01 4.000e-01
  0.000e+00 1.000e+00 0.000e+00 6.000e-01 0.000e+00]
 [7.460e+01 1.340e+01 0.000e+00 0.000e+00 8.000e-01 5.104e+02 6.000e+00
  5.800e+00 2.200e+00 8.000e-01 8.000e-01 0.000e+00]
 [4.380e+01 2.200e+00 0.000e+00 2.000e-01 0.000e+00 1.200e+00 5.628e+02
  6.000e-01 6.000e-01 2.000e-01 0.000e+00 0.000e+00]
 [5.140e+01 3.200e+00 0.000e+00 6.000e-01 0.000e+00 2.000e-01 2.000e-01
  5.606e+02 1.360e+01 0.000e+00 1.000e+00 0.000e+00]
 [5.320e+01 0.000e+00 0.000e+00 0.000e+00 6.000e-01 0.000e+00 1.200e+00
  1.240e+01 5.554e+02 0.000e+00 1.000e+00 0.000e+00]
 [4.160e+01 2.000e-01 0.000e+00 0.000e+00 0.000e+00 6.000e-01 1.400e+00
  0.000e+00 3.000e+00 5.590e+02 5.600e+00 0.000e+00]
 [6.520e+01 5.800e+00 0.000e+00 0.000e+00 0.000e+00 3.000e+00 8.000e-01
  4.000e-01 2.800e+00 7.400e+00 4.528e+02 0.000e+00]
 [3.180e+01 0.000e+00 0.000e+00 2.000e-01 0.000e+00 0.000e+00 0.000e+00
  0.000e+00 0.000e+00 2.000e-01 0.000e+00 6.090e+02]]
Total time elapsed: 3.5713s