Mean accuracy: 0.9823 (std=0.001)
Mean F1 score: 0.9823 (std=0.001)
Mean confusion matrix:
[[3.8898e+03 1.6000e+00 4.0000e+00 5.2000e+00 2.8000e+00 8.0000e-01
  2.4000e+00 1.2000e+00 4.0000e-01 3.0000e+00 2.0000e+00 2.8000e+00]
 [2.5400e+01 6.0660e+02 0.0000e+00 0.0000e+00 0.0000e+00 2.8000e+00
  2.0000e-01 4.0000e-01 4.0000e-01 0.0000e+00 8.0000e-01 0.0000e+00]
 [6.6000e+00 0.0000e+00 6.9180e+02 0.0000e+00 0.0000e+00 0.0000e+00
  0.0000e+00 0.0000e+00 0.0000e+00 0.0000e+00 0.0000e+00 0.0000e+00]
 [1.0600e+01 0.0000e+00 0.0000e+00 6.0320e+02 0.0000e+00 0.0000e+00
  0.0000e+00 0.0000e+00 0.0000e+00 2.0000e-01 0.0000e+00 0.0000e+00]
 [4.2000e+00 0.0000e+00 0.0000e+00 0.0000e+00 6.1600e+02 0.0000e+00
  0.0000e+00 0.0000e+00 0.0000e+00 0.0000e+00 0.0000e+00 0.0000e+00]
 [2.2000e+00 2.8000e+00 0.0000e+00 0.0000e+00 0.0000e+00 6.0880e+02
  4.0000e-01 0.0000e+00 0.0000e+00 0.0000e+00 6.0000e-01 0.0000e+00]
 [7.6000e+00 6.0000e-01 0.0000e+00 0.0000e+00 0.0000e+00 6.0000e-01
  6.0240e+02 0.0000e+00 2.0000e-01 0.0000e+00 2.0000e-01 0.0000e+00]
 [5.2000e+00 1.6000e+00 0.0000e+00 0.0000e+00 0.0000e+00 0.0000e+00
  0.0000e+00 6.1480e+02 9.0000e+00 0.0000e+00 2.0000e-01 0.0000e+00]
 [2.4800e+01 2.0000e-01 0.0000e+00 0.0000e+00 0.0000e+00 0.0000e+00
  2.0000e-01 1.1600e+01 5.8700e+02 0.0000e+00 0.0000e+00 0.0000e+00]
 [1.2800e+01 0.0000e+00 0.0000e+00 0.0000e+00 0.0000e+00 0.0000e+00
  0.0000e+00 0.0000e+00 0.0000e+00 5.9860e+02 0.0000e+00 0.0000e+00]
 [1.8400e+01 1.2000e+00 0.0000e+00 0.0000e+00 0.0000e+00 0.0000e+00
  2.0000e-01 0.0000e+00 4.0000e-01 0.0000e+00 5.1800e+02 0.0000e+00]
 [1.1600e+01 0.0000e+00 0.0000e+00 0.0000e+00 0.0000e+00 0.0000e+00
  0.0000e+00 0.0000e+00 0.0000e+00 0.0000e+00 0.0000e+00 6.2960e+02]]
Total time elapsed: 304.7105s