Mean accuracy: 0.9877 (std=0.0004)
Mean F1 score: 0.9877 (std=0.0004)
Mean confusion matrix:
[[3.8858e+03 1.8000e+00 5.4000e+00 6.4000e+00 2.2000e+00 8.0000e-01
  2.2000e+00 1.4000e+00 1.0000e+00 2.8000e+00 2.2000e+00 4.0000e+00]
 [1.8800e+01 6.1320e+02 0.0000e+00 0.0000e+00 0.0000e+00 3.4000e+00
  0.0000e+00 4.0000e-01 0.0000e+00 0.0000e+00 8.0000e-01 0.0000e+00]
 [5.2000e+00 0.0000e+00 6.9320e+02 0.0000e+00 0.0000e+00 0.0000e+00
  0.0000e+00 0.0000e+00 0.0000e+00 0.0000e+00 0.0000e+00 0.0000e+00]
 [9.2000e+00 0.0000e+00 0.0000e+00 6.0460e+02 0.0000e+00 0.0000e+00
  0.0000e+00 0.0000e+00 2.0000e-01 0.0000e+00 0.0000e+00 0.0000e+00]
 [2.0000e+00 0.0000e+00 0.0000e+00 0.0000e+00 6.1800e+02 2.0000e-01
  0.0000e+00 0.0000e+00 0.0000e+00 0.0000e+00 0.0000e+00 0.0000e+00]
 [2.6000e+00 3.4000e+00 0.0000e+00 0.0000e+00 0.0000e+00 6.0840e+02
  0.0000e+00 2.0000e-01 0.0000e+00 0.0000e+00 2.0000e-01 0.0000e+00]
 [7.6000e+00 2.0000e-01 0.0000e+00 0.0000e+00 0.0000e+00 6.0000e-01
  6.0300e+02 0.0000e+00 2.0000e-01 0.0000e+00 0.0000e+00 0.0000e+00]
 [1.8000e+00 8.0000e-01 0.0000e+00 0.0000e+00 0.0000e+00 0.0000e+00
  0.0000e+00 6.2240e+02 5.8000e+00 0.0000e+00 0.0000e+00 0.0000e+00]
 [9.6000e+00 6.0000e-01 0.0000e+00 0.0000e+00 0.0000e+00 0.0000e+00
  0.0000e+00 3.4000e+00 6.1020e+02 0.0000e+00 0.0000e+00 0.0000e+00]
 [6.2000e+00 0.0000e+00 0.0000e+00 2.0000e-01 0.0000e+00 0.0000e+00
  0.0000e+00 0.0000e+00 0.0000e+00 6.0500e+02 0.0000e+00 0.0000e+00]
 [8.8000e+00 1.4000e+00 0.0000e+00 0.0000e+00 0.0000e+00 0.0000e+00
  0.0000e+00 2.0000e-01 6.0000e-01 0.0000e+00 5.2720e+02 0.0000e+00]
 [7.8000e+00 0.0000e+00 0.0000e+00 0.0000e+00 0.0000e+00 0.0000e+00
  0.0000e+00 0.0000e+00 0.0000e+00 0.0000e+00 0.0000e+00 6.3340e+02]]
Total time elapsed: 2483.3028s