Mean accuracy: 0.9774 (std=0.042)
Mean F1 score: 0.9775 (std=0.042)
Mean confusion matrix:
[[3.8916e+03 2.0000e+00 2.0000e+00 3.6000e+00 4.0000e-01 2.0000e-01
  1.0000e+00 1.2000e+00 2.0000e+00 2.6000e+00 7.2000e+00 2.2000e+00]
 [1.9800e+01 5.8740e+02 0.0000e+00 0.0000e+00 1.4000e+00 2.2600e+01
  6.0000e-01 1.6000e+00 6.0000e-01 0.0000e+00 2.6000e+00 0.0000e+00]
 [1.8000e+00 0.0000e+00 6.9640e+02 0.0000e+00 2.0000e-01 0.0000e+00
  0.0000e+00 0.0000e+00 0.0000e+00 0.0000e+00 0.0000e+00 0.0000e+00]
 [3.2000e+00 0.0000e+00 0.0000e+00 6.0860e+02 0.0000e+00 0.0000e+00
  6.0000e-01 0.0000e+00 0.0000e+00 1.6000e+00 0.0000e+00 0.0000e+00]
 [1.2000e+00 4.8000e+00 0.0000e+00 0.0000e+00 6.1080e+02 0.0000e+00
  1.4000e+00 0.0000e+00 0.0000e+00 0.0000e+00 2.0000e+00 0.0000e+00]
 [1.0000e+00 3.8400e+01 0.0000e+00 0.0000e+00 8.0000e-01 5.7020e+02
  2.2000e+00 0.0000e+00 4.0000e-01 0.0000e+00 1.8000e+00 0.0000e+00]
 [2.0000e+00 4.2000e+00 0.0000e+00 0.0000e+00 2.0000e-01 3.4000e+00
  6.0140e+02 0.0000e+00 0.0000e+00 4.0000e-01 0.0000e+00 0.0000e+00]
 [0.0000e+00 2.0200e+01 0.0000e+00 0.0000e+00 0.0000e+00 4.0000e+00
  0.0000e+00 5.9140e+02 1.4400e+01 4.0000e-01 4.0000e-01 0.0000e+00]
 [6.4000e+00 4.2000e+00 0.0000e+00 0.0000e+00 0.0000e+00 2.0000e+00
  0.0000e+00 7.4000e+00 5.8940e+02 1.2000e+00 1.3200e+01 0.0000e+00]
 [1.8000e+00 4.0000e-01 0.0000e+00 4.0000e-01 0.0000e+00 0.0000e+00
  0.0000e+00 0.0000e+00 8.0000e-01 6.0620e+02 1.8000e+00 0.0000e+00]
 [4.4000e+00 5.6000e+00 0.0000e+00 0.0000e+00 2.6000e+00 0.0000e+00
  6.0000e-01 2.0000e-01 4.0000e-01 0.0000e+00 5.2440e+02 0.0000e+00]
 [5.6000e+00 0.0000e+00 0.0000e+00 0.0000e+00 0.0000e+00 0.0000e+00
  0.0000e+00 0.0000e+00 0.0000e+00 0.0000e+00 0.0000e+00 6.3560e+02]]
Total time elapsed: 164873.2300s