Mean accuracy: 0.9889 (std=0.0004)
Mean F1 score: 0.9889 (std=0.0004)
Mean confusion matrix:
[[3.9028e+03 0.0000e+00 3.0000e+00 2.6000e+00 6.0000e-01 4.0000e-01
  1.0000e+00 2.0000e-01 4.0000e-01 2.0000e+00 1.8000e+00 1.2000e+00]
 [2.3400e+01 6.1200e+02 0.0000e+00 0.0000e+00 0.0000e+00 1.2000e+00
  0.0000e+00 0.0000e+00 0.0000e+00 0.0000e+00 0.0000e+00 0.0000e+00]
 [5.8000e+00 0.0000e+00 6.9260e+02 0.0000e+00 0.0000e+00 0.0000e+00
  0.0000e+00 0.0000e+00 0.0000e+00 0.0000e+00 0.0000e+00 0.0000e+00]
 [6.0000e+00 0.0000e+00 0.0000e+00 6.0800e+02 0.0000e+00 0.0000e+00
  0.0000e+00 0.0000e+00 0.0000e+00 0.0000e+00 0.0000e+00 0.0000e+00]
 [2.4000e+00 0.0000e+00 0.0000e+00 0.0000e+00 6.1780e+02 0.0000e+00
  0.0000e+00 0.0000e+00 0.0000e+00 0.0000e+00 0.0000e+00 0.0000e+00]
 [1.0000e+00 6.0000e-01 0.0000e+00 0.0000e+00 0.0000e+00 6.1320e+02
  0.0000e+00 0.0000e+00 0.0000e+00 0.0000e+00 0.0000e+00 0.0000e+00]
 [9.6000e+00 2.0000e-01 0.0000e+00 0.0000e+00 0.0000e+00 2.0000e-01
  6.0160e+02 0.0000e+00 0.0000e+00 0.0000e+00 0.0000e+00 0.0000e+00]
 [7.0000e+00 0.0000e+00 0.0000e+00 0.0000e+00 0.0000e+00 0.0000e+00
  0.0000e+00 6.2280e+02 1.0000e+00 0.0000e+00 0.0000e+00 0.0000e+00]
 [2.0000e+01 0.0000e+00 0.0000e+00 0.0000e+00 0.0000e+00 0.0000e+00
  0.0000e+00 0.0000e+00 6.0380e+02 0.0000e+00 0.0000e+00 0.0000e+00]
 [7.8000e+00 0.0000e+00 0.0000e+00 0.0000e+00 0.0000e+00 0.0000e+00
  0.0000e+00 0.0000e+00 0.0000e+00 6.0360e+02 0.0000e+00 0.0000e+00]
 [1.1600e+01 0.0000e+00 0.0000e+00 0.0000e+00 0.0000e+00 0.0000e+00
  0.0000e+00 0.0000e+00 0.0000e+00 0.0000e+00 5.2660e+02 0.0000e+00]
 [8.8000e+00 0.0000e+00 0.0000e+00 0.0000e+00 0.0000e+00 0.0000e+00
  0.0000e+00 0.0000e+00 0.0000e+00 0.0000e+00 0.0000e+00 6.3240e+02]]
Total time elapsed: 3208.3495s