Mean accuracy: 0.9933 (std=0.001)
Mean F1 score: 0.9933 (std=0.001)
Mean confusion matrix:
[[3.8886e+03 6.0000e-01 4.2000e+00 5.2000e+00 0.0000e+00 0.0000e+00
  3.4000e+00 1.8000e+00 2.0000e+00 2.4000e+00 5.4000e+00 2.4000e+00]
 [1.3600e+01 6.2280e+02 0.0000e+00 0.0000e+00 0.0000e+00 2.0000e-01
  0.0000e+00 0.0000e+00 0.0000e+00 0.0000e+00 0.0000e+00 0.0000e+00]
 [6.0000e+00 0.0000e+00 6.9240e+02 0.0000e+00 0.0000e+00 0.0000e+00
  0.0000e+00 0.0000e+00 0.0000e+00 0.0000e+00 0.0000e+00 0.0000e+00]
 [3.8000e+00 0.0000e+00 0.0000e+00 6.1020e+02 0.0000e+00 0.0000e+00
  0.0000e+00 0.0000e+00 0.0000e+00 0.0000e+00 0.0000e+00 0.0000e+00]
 [2.0000e-01 0.0000e+00 0.0000e+00 0.0000e+00 6.2000e+02 0.0000e+00
  0.0000e+00 0.0000e+00 0.0000e+00 0.0000e+00 0.0000e+00 0.0000e+00]
 [1.0000e+00 2.0000e-01 0.0000e+00 0.0000e+00 0.0000e+00 6.1360e+02
  0.0000e+00 0.0000e+00 0.0000e+00 0.0000e+00 0.0000e+00 0.0000e+00]
 [4.2000e+00 0.0000e+00 0.0000e+00 0.0000e+00 0.0000e+00 0.0000e+00
  6.0740e+02 0.0000e+00 0.0000e+00 0.0000e+00 0.0000e+00 0.0000e+00]
 [8.0000e-01 0.0000e+00 0.0000e+00 0.0000e+00 0.0000e+00 0.0000e+00
  0.0000e+00 6.3000e+02 0.0000e+00 0.0000e+00 0.0000e+00 0.0000e+00]
 [4.0000e+00 0.0000e+00 0.0000e+00 0.0000e+00 0.0000e+00 0.0000e+00
  0.0000e+00 0.0000e+00 6.1980e+02 0.0000e+00 0.0000e+00 0.0000e+00]
 [3.8000e+00 0.0000e+00 0.0000e+00 0.0000e+00 0.0000e+00 0.0000e+00
  0.0000e+00 0.0000e+00 0.0000e+00 6.0760e+02 0.0000e+00 0.0000e+00]
 [4.6000e+00 0.0000e+00 0.0000e+00 0.0000e+00 0.0000e+00 0.0000e+00
  0.0000e+00 0.0000e+00 0.0000e+00 0.0000e+00 5.3360e+02 0.0000e+00]
 [2.8000e+00 0.0000e+00 0.0000e+00 0.0000e+00 0.0000e+00 0.0000e+00
  0.0000e+00 0.0000e+00 0.0000e+00 0.0000e+00 0.0000e+00 6.3840e+02]]
Total time elapsed: 263.0840s