Mean accuracy: 0.9166 (std=0.0031)
Mean F1 score: 0.9167 (std=0.0031)
Mean confusion matrix:
[[3.6746e+03 2.3000e+01 3.0400e+01 3.2000e+01 1.0200e+01 2.3200e+01
  2.4200e+01 1.3600e+01 2.0200e+01 2.2000e+01 2.1000e+01 2.1600e+01]
 [3.0000e+01 4.8900e+02 0.0000e+00 0.0000e+00 0.0000e+00 1.0340e+02
  1.8000e+00 4.6000e+00 2.8000e+00 6.0000e-01 4.4000e+00 0.0000e+00]
 [2.5000e+01 0.0000e+00 6.7340e+02 0.0000e+00 0.0000e+00 0.0000e+00
  0.0000e+00 0.0000e+00 0.0000e+00 0.0000e+00 0.0000e+00 0.0000e+00]
 [2.6200e+01 0.0000e+00 0.0000e+00 5.8720e+02 0.0000e+00 0.0000e+00
  2.0000e-01 2.0000e-01 2.0000e-01 0.0000e+00 0.0000e+00 0.0000e+00]
 [1.4400e+01 6.0000e-01 0.0000e+00 0.0000e+00 6.0460e+02 2.0000e-01
  0.0000e+00 0.0000e+00 4.0000e-01 0.0000e+00 0.0000e+00 0.0000e+00]
 [8.2000e+00 6.6600e+01 0.0000e+00 0.0000e+00 0.0000e+00 5.2860e+02
  1.2000e+00 5.0000e+00 4.2000e+00 6.0000e-01 4.0000e-01 0.0000e+00]
 [2.6200e+01 2.2000e+00 0.0000e+00 8.0000e-01 0.0000e+00 3.2000e+00
  5.7680e+02 4.0000e-01 1.6000e+00 4.0000e-01 0.0000e+00 0.0000e+00]
 [1.4200e+01 2.4000e+00 0.0000e+00 0.0000e+00 0.0000e+00 4.8000e+00
  0.0000e+00 5.3960e+02 6.9800e+01 0.0000e+00 0.0000e+00 0.0000e+00]
 [2.7600e+01 4.2000e+00 0.0000e+00 0.0000e+00 2.0000e-01 6.0000e+00
  1.6000e+00 8.7000e+01 4.9680e+02 0.0000e+00 4.0000e-01 0.0000e+00]
 [2.4400e+01 5.2000e+00 0.0000e+00 0.0000e+00 0.0000e+00 3.4000e+00
  2.0000e-01 2.0000e-01 1.2000e+00 5.7240e+02 4.4000e+00 0.0000e+00]
 [2.9600e+01 6.0000e+00 0.0000e+00 0.0000e+00 0.0000e+00 2.8000e+00
  2.0000e-01 0.0000e+00 1.0000e+00 1.6000e+00 4.9700e+02 0.0000e+00]
 [2.1000e+01 0.0000e+00 0.0000e+00 0.0000e+00 0.0000e+00 0.0000e+00
  0.0000e+00 0.0000e+00 0.0000e+00 0.0000e+00 0.0000e+00 6.2020e+02]]
Total time elapsed: 6046.5897s