Mean accuracy: 0.9957 (std=0.001)
Mean F1 score: 0.9957 (std=0.001)
Mean confusion matrix:
[[3.8982e+03 6.8000e+00 1.6000e+00 1.8000e+00 2.0000e-01 4.0000e-01
  1.6000e+00 4.0000e-01 0.0000e+00 1.2000e+00 1.6000e+00 2.2000e+00]
 [1.1800e+01 6.2180e+02 0.0000e+00 0.0000e+00 0.0000e+00 2.8000e+00
  0.0000e+00 0.0000e+00 0.0000e+00 0.0000e+00 2.0000e-01 0.0000e+00]
 [2.4000e+00 0.0000e+00 6.9600e+02 0.0000e+00 0.0000e+00 0.0000e+00
  0.0000e+00 0.0000e+00 0.0000e+00 0.0000e+00 0.0000e+00 0.0000e+00]
 [1.2000e+00 0.0000e+00 0.0000e+00 6.1280e+02 0.0000e+00 0.0000e+00
  0.0000e+00 0.0000e+00 0.0000e+00 0.0000e+00 0.0000e+00 0.0000e+00]
 [0.0000e+00 0.0000e+00 0.0000e+00 0.0000e+00 6.2020e+02 0.0000e+00
  0.0000e+00 0.0000e+00 0.0000e+00 0.0000e+00 0.0000e+00 0.0000e+00]
 [4.0000e-01 2.0000e-01 0.0000e+00 0.0000e+00 0.0000e+00 6.1400e+02
  2.0000e-01 0.0000e+00 0.0000e+00 0.0000e+00 0.0000e+00 0.0000e+00]
 [1.2000e+00 6.0000e-01 0.0000e+00 0.0000e+00 0.0000e+00 0.0000e+00
  6.0980e+02 0.0000e+00 0.0000e+00 0.0000e+00 0.0000e+00 0.0000e+00]
 [2.0000e-01 0.0000e+00 0.0000e+00 0.0000e+00 0.0000e+00 0.0000e+00
  0.0000e+00 6.2960e+02 1.0000e+00 0.0000e+00 0.0000e+00 0.0000e+00]
 [4.0000e-01 0.0000e+00 0.0000e+00 0.0000e+00 0.0000e+00 0.0000e+00
  0.0000e+00 6.0000e-01 6.2280e+02 0.0000e+00 0.0000e+00 0.0000e+00]
 [6.0000e-01 0.0000e+00 0.0000e+00 0.0000e+00 0.0000e+00 0.0000e+00
  0.0000e+00 0.0000e+00 0.0000e+00 6.1060e+02 2.0000e-01 0.0000e+00]
 [1.2000e+00 6.0000e-01 0.0000e+00 0.0000e+00 0.0000e+00 0.0000e+00
  0.0000e+00 0.0000e+00 6.0000e-01 0.0000e+00 5.3580e+02 0.0000e+00]
 [2.0000e+00 0.0000e+00 0.0000e+00 0.0000e+00 0.0000e+00 0.0000e+00
  0.0000e+00 0.0000e+00 0.0000e+00 0.0000e+00 0.0000e+00 6.3920e+02]]
Total time elapsed: 2996.9099s