Mean accuracy: 0.9875 (std=0.000)
Mean F1 score: 0.9875 (std=0.000)
Mean confusion matrix:
[[3.863e+03 2.600e+00 6.600e+00 1.140e+01 2.400e+00 2.600e+00 3.200e+00
  1.800e+00 1.200e+00 6.200e+00 3.400e+00 1.160e+01]
 [1.280e+01 6.042e+02 0.000e+00 2.000e-01 0.000e+00 1.720e+01 0.000e+00
  8.000e-01 2.000e-01 0.000e+00 1.200e+00 0.000e+00]
 [6.600e+00 0.000e+00 6.918e+02 0.000e+00 0.000e+00 0.000e+00 0.000e+00
  0.000e+00 0.000e+00 0.000e+00 0.000e+00 0.000e+00]
 [3.600e+00 0.000e+00 0.000e+00 6.104e+02 0.000e+00 0.000e+00 0.000e+00
  0.000e+00 0.000e+00 0.000e+00 0.000e+00 0.000e+00]
 [1.400e+00 0.000e+00 0.000e+00 0.000e+00 6.188e+02 0.000e+00 0.000e+00
  0.000e+00 0.000e+00 0.000e+00 0.000e+00 0.000e+00]
 [2.000e-01 3.800e+00 0.000e+00 0.000e+00 0.000e+00 6.104e+02 4.000e-01
  0.000e+00 0.000e+00 0.000e+00 0.000e+00 0.000e+00]
 [4.600e+00 1.400e+00 0.000e+00 2.000e-01 0.000e+00 2.000e-01 6.052e+02
  0.000e+00 0.000e+00 0.000e+00 0.000e+00 0.000e+00]
 [8.000e-01 1.400e+00 0.000e+00 0.000e+00 0.000e+00 0.000e+00 0.000e+00
  6.244e+02 4.200e+00 0.000e+00 0.000e+00 0.000e+00]
 [8.000e-01 0.000e+00 0.000e+00 0.000e+00 0.000e+00 0.000e+00 0.000e+00
  4.000e+00 6.186e+02 2.000e-01 2.000e-01 0.000e+00]
 [2.400e+00 0.000e+00 0.000e+00 2.000e-01 0.000e+00 0.000e+00 0.000e+00
  0.000e+00 0.000e+00 6.088e+02 0.000e+00 0.000e+00]
 [2.800e+00 2.000e+00 0.000e+00 0.000e+00 0.000e+00 2.000e-01 0.000e+00
  2.000e-01 2.000e-01 0.000e+00 5.328e+02 0.000e+00]
 [6.600e+00 0.000e+00 0.000e+00 0.000e+00 0.000e+00 0.000e+00 0.000e+00
  0.000e+00 0.000e+00 0.000e+00 0.000e+00 6.346e+02]]
Total time elapsed: 33551.8836s