Mean accuracy: 0.5052 (std=0.009)
Mean F1 score: 0.5118 (std=0.007)
Mean confusion matrix:
[[2.8154e+03 1.2600e+01 3.8340e+02 0.0000e+00 6.2600e+01 2.5000e+01
  4.0000e-01 3.9540e+02 3.2000e+01 4.0000e+00 1.2460e+02 6.0600e+01]
 [4.6400e+01 5.0000e+01 0.0000e+00 0.0000e+00 2.2800e+01 7.9400e+01
  0.0000e+00 2.9040e+02 8.8000e+00 8.0000e+00 1.3080e+02 0.0000e+00]
 [1.0000e+00 0.0000e+00 6.9740e+02 0.0000e+00 0.0000e+00 0.0000e+00
  0.0000e+00 0.0000e+00 0.0000e+00 0.0000e+00 0.0000e+00 0.0000e+00]
 [3.7600e+01 4.5400e+01 0.0000e+00 9.7800e+01 0.0000e+00 5.2800e+01
  2.7600e+01 2.6880e+02 4.6000e+00 1.3200e+01 6.5200e+01 1.0000e+00]
 [7.7800e+01 0.0000e+00 0.0000e+00 0.0000e+00 4.1980e+02 1.2800e+01
  0.0000e+00 1.0880e+02 4.0000e-01 0.0000e+00 6.0000e-01 0.0000e+00]
 [2.6200e+01 2.3800e+01 0.0000e+00 2.0000e-01 2.2600e+01 1.2900e+02
  4.4000e+00 2.7960e+02 1.0800e+01 6.0000e+00 1.1220e+02 0.0000e+00]
 [9.0000e+00 2.4000e+00 0.0000e+00 4.0000e-01 1.1600e+01 9.9400e+01
  1.5680e+02 1.7220e+02 2.9600e+01 6.0000e+00 1.2420e+02 0.0000e+00]
 [7.6600e+01 1.0400e+01 0.0000e+00 0.0000e+00 0.0000e+00 4.0000e-01
  0.0000e+00 4.3320e+02 3.2600e+01 0.0000e+00 7.7600e+01 0.0000e+00]
 [7.7200e+01 1.8000e+00 0.0000e+00 0.0000e+00 0.0000e+00 2.7000e+01
  0.0000e+00 3.4480e+02 9.9000e+01 0.0000e+00 7.4000e+01 0.0000e+00]
 [5.5800e+01 2.2400e+01 0.0000e+00 4.4000e+00 8.0000e-01 3.7600e+01
  8.0000e+00 2.3740e+02 3.2000e+00 6.9800e+01 1.7200e+02 0.0000e+00]
 [6.7600e+01 1.4000e+01 0.0000e+00 0.0000e+00 1.0000e+01 2.0000e+01
  0.0000e+00 2.0180e+02 3.8000e+00 6.0000e-01 2.2040e+02 0.0000e+00]
 [1.1260e+02 2.4200e+01 0.0000e+00 0.0000e+00 0.0000e+00 2.2800e+01
  0.0000e+00 7.8600e+01 2.2000e+01 2.9600e+01 1.0560e+02 2.4580e+02]]
Total time elapsed: 2.4746s