Mean accuracy: 0.9544 (std=0.001)
Mean F1 score: 0.9544 (std=0.001)
Mean confusion matrix:
[[3.6834e+03 3.3200e+01 2.3400e+01 2.4800e+01 1.0200e+01 1.2600e+01
  2.6000e+01 1.8200e+01 1.6800e+01 2.6200e+01 2.1600e+01 1.9600e+01]
 [3.9000e+01 5.8860e+02 0.0000e+00 2.0000e-01 0.0000e+00 5.0000e+00
  6.0000e-01 1.0000e+00 0.0000e+00 2.0000e-01 2.0000e+00 0.0000e+00]
 [2.0800e+01 2.0000e-01 6.7680e+02 0.0000e+00 0.0000e+00 4.0000e-01
  0.0000e+00 0.0000e+00 0.0000e+00 2.0000e-01 0.0000e+00 0.0000e+00]
 [2.0400e+01 2.0000e-01 0.0000e+00 5.9180e+02 0.0000e+00 0.0000e+00
  8.0000e-01 6.0000e-01 0.0000e+00 2.0000e-01 0.0000e+00 0.0000e+00]
 [6.6000e+00 2.0000e-01 0.0000e+00 0.0000e+00 6.1100e+02 8.0000e-01
  0.0000e+00 4.0000e-01 1.0000e+00 0.0000e+00 2.0000e-01 0.0000e+00]
 [1.1200e+01 5.2000e+00 0.0000e+00 2.0000e-01 6.0000e-01 5.9540e+02
  8.0000e-01 2.0000e-01 2.0000e-01 4.0000e-01 6.0000e-01 0.0000e+00]
 [2.0400e+01 1.8000e+00 0.0000e+00 6.0000e-01 0.0000e+00 3.0000e+00
  5.8380e+02 6.0000e-01 2.0000e-01 1.0000e+00 0.0000e+00 2.0000e-01]
 [1.3000e+01 3.0000e+00 0.0000e+00 2.0000e-01 0.0000e+00 4.0000e-01
  2.0000e-01 6.1160e+02 2.4000e+00 0.0000e+00 0.0000e+00 0.0000e+00]
 [1.4000e+01 0.0000e+00 0.0000e+00 0.0000e+00 6.0000e-01 8.0000e-01
  0.0000e+00 1.0000e+00 6.0540e+02 0.0000e+00 1.8000e+00 2.0000e-01]
 [2.1800e+01 8.0000e-01 0.0000e+00 2.0000e-01 0.0000e+00 0.0000e+00
  2.0000e-01 0.0000e+00 6.0000e-01 5.8600e+02 1.6000e+00 2.0000e-01]
 [2.1600e+01 2.4000e+00 0.0000e+00 0.0000e+00 0.0000e+00 6.0000e-01
  8.0000e-01 0.0000e+00 8.0000e-01 2.0000e+00 5.1000e+02 0.0000e+00]
 [1.8200e+01 0.0000e+00 0.0000e+00 0.0000e+00 2.0000e-01 0.0000e+00
  0.0000e+00 0.0000e+00 0.0000e+00 0.0000e+00 0.0000e+00 6.2280e+02]]
Total time elapsed: 554.0285s