Mean accuracy: 0.3814 (std=0.005)
Mean F1 score: 0.2958 (std=0.004)
Mean confusion matrix:
[[0.000e+00 2.600e+00 7.460e+01 6.132e+02 4.120e+01 6.350e+02 1.240e+02
  8.986e+02 8.230e+02 6.240e+01 1.072e+02 5.342e+02]
 [0.000e+00 3.000e+00 0.000e+00 8.000e-01 4.000e-01 6.134e+02 2.000e-01
  1.800e+00 1.560e+01 0.000e+00 1.400e+00 0.000e+00]
 [0.000e+00 0.000e+00 6.118e+02 3.680e+01 0.000e+00 3.740e+01 0.000e+00
  9.600e+00 0.000e+00 0.000e+00 0.000e+00 2.800e+00]
 [0.000e+00 0.000e+00 0.000e+00 6.140e+02 0.000e+00 0.000e+00 0.000e+00
  0.000e+00 0.000e+00 0.000e+00 0.000e+00 0.000e+00]
 [0.000e+00 0.000e+00 0.000e+00 6.000e-01 4.622e+02 1.434e+02 2.000e-01
  9.800e+00 4.000e+00 0.000e+00 0.000e+00 0.000e+00]
 [0.000e+00 0.000e+00 0.000e+00 0.000e+00 0.000e+00 6.148e+02 0.000e+00
  0.000e+00 0.000e+00 0.000e+00 0.000e+00 0.000e+00]
 [0.000e+00 0.000e+00 0.000e+00 5.600e+00 0.000e+00 3.224e+02 2.814e+02
  1.600e+00 6.000e-01 0.000e+00 0.000e+00 0.000e+00]
 [0.000e+00 0.000e+00 0.000e+00 2.000e+00 0.000e+00 1.598e+02 0.000e+00
  4.644e+02 4.600e+00 0.000e+00 0.000e+00 0.000e+00]
 [0.000e+00 0.000e+00 0.000e+00 2.280e+01 0.000e+00 1.250e+02 0.000e+00
  1.874e+02 2.886e+02 0.000e+00 0.000e+00 0.000e+00]
 [0.000e+00 2.000e-01 0.000e+00 4.380e+01 0.000e+00 4.948e+02 2.400e+00
  1.660e+01 1.000e+00 4.920e+01 3.400e+00 0.000e+00]
 [0.000e+00 0.000e+00 0.000e+00 1.800e+00 0.000e+00 4.104e+02 0.000e+00
  1.000e+00 0.000e+00 0.000e+00 1.250e+02 0.000e+00]
 [0.000e+00 0.000e+00 0.000e+00 2.740e+01 0.000e+00 2.400e+01 0.000e+00
  1.600e+00 4.000e-01 0.000e+00 0.000e+00 5.878e+02]]
Total time elapsed: 377.1276s