Mean accuracy: 0.9955 (std=0.001)
Mean F1 score: 0.9955 (std=0.001)
Mean confusion matrix:
[[3.9028e+03 5.8000e+00 4.0000e-01 1.0000e+00 6.0000e-01 4.0000e-01
  1.2000e+00 1.2000e+00 2.0000e-01 1.2000e+00 6.0000e-01 6.0000e-01]
 [1.4600e+01 6.1960e+02 0.0000e+00 0.0000e+00 0.0000e+00 2.0000e+00
  4.0000e-01 0.0000e+00 0.0000e+00 0.0000e+00 0.0000e+00 0.0000e+00]
 [6.0000e-01 0.0000e+00 6.9780e+02 0.0000e+00 0.0000e+00 0.0000e+00
  0.0000e+00 0.0000e+00 0.0000e+00 0.0000e+00 0.0000e+00 0.0000e+00]
 [0.0000e+00 0.0000e+00 0.0000e+00 6.1380e+02 0.0000e+00 0.0000e+00
  2.0000e-01 0.0000e+00 0.0000e+00 0.0000e+00 0.0000e+00 0.0000e+00]
 [6.0000e-01 0.0000e+00 0.0000e+00 0.0000e+00 6.1960e+02 0.0000e+00
  0.0000e+00 0.0000e+00 0.0000e+00 0.0000e+00 0.0000e+00 0.0000e+00]
 [4.0000e-01 1.4000e+00 0.0000e+00 0.0000e+00 0.0000e+00 6.1260e+02
  2.0000e-01 2.0000e-01 0.0000e+00 0.0000e+00 0.0000e+00 0.0000e+00]
 [1.2000e+00 0.0000e+00 0.0000e+00 2.0000e-01 0.0000e+00 0.0000e+00
  6.1000e+02 2.0000e-01 0.0000e+00 0.0000e+00 0.0000e+00 0.0000e+00]
 [0.0000e+00 0.0000e+00 0.0000e+00 0.0000e+00 0.0000e+00 0.0000e+00
  0.0000e+00 6.3000e+02 8.0000e-01 0.0000e+00 0.0000e+00 0.0000e+00]
 [2.0000e-01 0.0000e+00 0.0000e+00 0.0000e+00 0.0000e+00 1.0000e+00
  0.0000e+00 8.0000e-01 6.2180e+02 0.0000e+00 0.0000e+00 0.0000e+00]
 [1.4000e+00 0.0000e+00 0.0000e+00 0.0000e+00 0.0000e+00 0.0000e+00
  0.0000e+00 0.0000e+00 0.0000e+00 6.1000e+02 0.0000e+00 0.0000e+00]
 [3.0000e+00 0.0000e+00 0.0000e+00 0.0000e+00 0.0000e+00 0.0000e+00
  0.0000e+00 6.0000e-01 3.6000e+00 0.0000e+00 5.3100e+02 0.0000e+00]
 [1.4000e+00 0.0000e+00 0.0000e+00 0.0000e+00 0.0000e+00 0.0000e+00
  0.0000e+00 0.0000e+00 0.0000e+00 0.0000e+00 0.0000e+00 6.3980e+02]]
Total time elapsed: 120388.1222s