Mean accuracy: 0.9732 (std=0.002)
Mean F1 score: 0.9731 (std=0.002)
Mean confusion matrix:
[[3.8552e+03 4.8000e+00 6.6000e+00 8.4000e+00 2.4000e+00 5.4000e+00
  1.3600e+01 3.8000e+00 2.8000e+00 6.4000e+00 2.6000e+00 4.0000e+00]
 [2.6200e+01 6.0200e+02 0.0000e+00 1.4000e+00 4.0000e-01 0.0000e+00
  6.0000e-01 1.6000e+00 1.4000e+00 1.8000e+00 1.2000e+00 0.0000e+00]
 [7.4000e+00 0.0000e+00 6.9100e+02 0.0000e+00 0.0000e+00 0.0000e+00
  0.0000e+00 0.0000e+00 0.0000e+00 0.0000e+00 0.0000e+00 0.0000e+00]
 [1.3600e+01 4.0000e-01 0.0000e+00 5.9800e+02 2.0000e-01 0.0000e+00
  1.0000e+00 0.0000e+00 0.0000e+00 8.0000e-01 0.0000e+00 0.0000e+00]
 [7.2000e+00 1.4000e+00 0.0000e+00 0.0000e+00 6.0900e+02 1.2000e+00
  0.0000e+00 0.0000e+00 0.0000e+00 1.2000e+00 2.0000e-01 0.0000e+00]
 [2.6000e+00 0.0000e+00 0.0000e+00 0.0000e+00 6.0000e-01 6.1140e+02
  2.0000e-01 0.0000e+00 0.0000e+00 0.0000e+00 0.0000e+00 0.0000e+00]
 [1.4800e+01 1.6000e+00 0.0000e+00 1.0000e+00 0.0000e+00 0.0000e+00
  5.9360e+02 2.0000e-01 0.0000e+00 4.0000e-01 0.0000e+00 0.0000e+00]
 [6.6000e+00 1.2000e+00 0.0000e+00 0.0000e+00 0.0000e+00 0.0000e+00
  0.0000e+00 6.0700e+02 1.6000e+01 0.0000e+00 0.0000e+00 0.0000e+00]
 [2.3600e+01 1.0000e+00 0.0000e+00 0.0000e+00 0.0000e+00 0.0000e+00
  1.4000e+00 1.9000e+01 5.7880e+02 0.0000e+00 0.0000e+00 0.0000e+00]
 [1.3000e+01 4.0000e-01 0.0000e+00 0.0000e+00 6.0000e-01 0.0000e+00
  6.0000e-01 0.0000e+00 0.0000e+00 5.9680e+02 0.0000e+00 0.0000e+00]
 [2.9600e+01 2.8000e+00 0.0000e+00 0.0000e+00 3.6000e+00 4.0000e-01
  4.0000e-01 0.0000e+00 8.0000e-01 4.0000e-01 5.0020e+02 0.0000e+00]
 [1.5400e+01 0.0000e+00 0.0000e+00 0.0000e+00 0.0000e+00 0.0000e+00
  2.0000e-01 0.0000e+00 0.0000e+00 0.0000e+00 0.0000e+00 6.2560e+02]]
Total time elapsed: 260.3166s