Mean accuracy: 0.7639 (std=0.047)
Mean F1 score: 0.7605 (std=0.049)
Mean confusion matrix:
[[3.2458e+03 6.3200e+01 6.7200e+01 5.5000e+01 5.1200e+01 5.8800e+01
  6.6000e+01 2.2200e+01 7.4400e+01 6.2800e+01 4.7600e+01 1.0180e+02]
 [8.6200e+01 3.7480e+02 0.0000e+00 7.1000e+01 1.4200e+01 1.2000e+00
  1.5600e+01 2.1400e+01 1.9600e+01 1.0000e+01 2.1800e+01 8.0000e-01]
 [4.4000e+01 0.0000e+00 6.5380e+02 0.0000e+00 0.0000e+00 0.0000e+00
  0.0000e+00 0.0000e+00 0.0000e+00 6.0000e-01 0.0000e+00 0.0000e+00]
 [5.8000e+01 5.2200e+01 0.0000e+00 4.2720e+02 4.0000e+00 8.0000e-01
  3.0600e+01 4.0000e-01 4.0000e-01 1.5800e+01 7.8000e+00 1.6800e+01]
 [5.2600e+01 8.2000e+00 0.0000e+00 3.8000e+00 4.6520e+02 1.8200e+01
  1.0600e+01 0.0000e+00 6.0000e-01 1.6600e+01 4.4400e+01 0.0000e+00]
 [4.4200e+01 4.0000e-01 0.0000e+00 8.0000e-01 1.3200e+01 5.4200e+02
  6.6000e+00 0.0000e+00 0.0000e+00 6.8000e+00 8.0000e-01 0.0000e+00]
 [5.0000e+01 2.1600e+01 0.0000e+00 2.9000e+01 1.8000e+00 2.6000e+00
  4.7760e+02 4.0000e-01 5.2000e+00 3.8000e+00 1.6000e+00 1.8000e+01]
 [3.6800e+01 1.7600e+01 0.0000e+00 2.0000e-01 3.2000e+00 0.0000e+00
  0.0000e+00 4.8680e+02 8.6000e+01 0.0000e+00 2.0000e-01 0.0000e+00]
 [9.2400e+01 2.4600e+01 0.0000e+00 4.0000e-01 3.6000e+00 8.0000e-01
  2.0000e+01 1.6840e+02 3.1020e+02 0.0000e+00 2.0000e+00 1.4000e+00]
 [9.8800e+01 5.0000e+00 0.0000e+00 1.2600e+01 1.3000e+01 2.7600e+01
  7.2000e+00 0.0000e+00 8.0000e-01 4.2400e+02 2.2200e+01 2.0000e-01]
 [9.5800e+01 4.7600e+01 0.0000e+00 1.2400e+01 8.8800e+01 3.2000e+00
  1.1800e+01 2.0000e-01 1.8000e+00 1.9200e+01 2.5740e+02 0.0000e+00]
 [7.5600e+01 0.0000e+00 0.0000e+00 1.6000e+00 0.0000e+00 0.0000e+00
  1.1200e+01 0.0000e+00 0.0000e+00 2.0000e-01 0.0000e+00 5.5260e+02]]
Total time elapsed: 117691.8210s