Mean accuracy: 0.8351 (std=0.004)
Mean F1 score: 0.8336 (std=0.004)
Mean confusion matrix:
[[3.5388e+03 2.4800e+01 1.6600e+01 7.1400e+01 4.2600e+01 2.4600e+01
  3.0600e+01 1.9400e+01 1.6600e+01 1.8800e+01 1.7600e+01 9.4200e+01]
 [3.4600e+01 4.8080e+02 0.0000e+00 3.6200e+01 2.8800e+01 2.8000e+00
  6.0000e-01 2.0200e+01 6.8000e+00 7.2000e+00 1.8600e+01 0.0000e+00]
 [1.4980e+02 0.0000e+00 5.4860e+02 0.0000e+00 0.0000e+00 0.0000e+00
  0.0000e+00 0.0000e+00 0.0000e+00 0.0000e+00 0.0000e+00 0.0000e+00]
 [1.0600e+01 5.0800e+01 0.0000e+00 5.2240e+02 9.2000e+00 8.0000e-01
  1.1000e+01 0.0000e+00 0.0000e+00 2.2000e+00 3.6000e+00 3.4000e+00]
 [2.3200e+01 4.6000e+00 0.0000e+00 4.8000e+00 5.5580e+02 9.4000e+00
  0.0000e+00 0.0000e+00 0.0000e+00 7.4000e+00 1.5000e+01 0.0000e+00]
 [8.0000e+00 0.0000e+00 0.0000e+00 2.0000e-01 8.2000e+00 5.8540e+02
  0.0000e+00 0.0000e+00 0.0000e+00 9.2000e+00 3.8000e+00 0.0000e+00]
 [2.2800e+01 5.4000e+00 0.0000e+00 1.8800e+01 1.2000e+00 0.0000e+00
  5.6000e+02 0.0000e+00 3.2000e+00 2.0000e-01 0.0000e+00 0.0000e+00]
 [1.3800e+01 7.0000e+00 0.0000e+00 0.0000e+00 2.0000e-01 0.0000e+00
  0.0000e+00 4.7580e+02 1.3400e+02 0.0000e+00 0.0000e+00 0.0000e+00]
 [2.3200e+01 3.1600e+01 0.0000e+00 0.0000e+00 8.0000e-01 8.0000e-01
  6.0000e-01 1.6840e+02 3.9840e+02 0.0000e+00 0.0000e+00 0.0000e+00]
 [1.5200e+01 3.5600e+01 0.0000e+00 2.3000e+01 2.8600e+01 5.1400e+01
  4.8000e+00 0.0000e+00 4.0000e-01 4.4300e+02 9.4000e+00 0.0000e+00]
 [3.7600e+01 5.8200e+01 0.0000e+00 8.0000e+00 9.5000e+01 2.6400e+01
  4.0000e-01 2.4000e+00 4.8000e+00 2.7000e+01 2.7840e+02 0.0000e+00]
 [1.9400e+01 0.0000e+00 0.0000e+00 2.3800e+01 0.0000e+00 0.0000e+00
  2.4000e+00 0.0000e+00 0.0000e+00 0.0000e+00 0.0000e+00 5.9560e+02]]
Total time elapsed: 37459.6521s