Mean accuracy: 0.9908 (std=0.0056)
Mean F1 score: 0.9908 (std=0.0056)
Mean confusion matrix:
[[3.8584e+03 9.0000e+00 6.4000e+00 7.2000e+00 2.6000e+00 2.2000e+00
  9.4000e+00 2.6000e+00 2.0000e+00 4.4000e+00 6.4000e+00 5.4000e+00]
 [1.3400e+01 6.2200e+02 0.0000e+00 0.0000e+00 0.0000e+00 2.0000e-01
  6.0000e-01 0.0000e+00 4.0000e-01 0.0000e+00 0.0000e+00 0.0000e+00]
 [2.6000e+00 0.0000e+00 6.9580e+02 0.0000e+00 0.0000e+00 0.0000e+00
  0.0000e+00 0.0000e+00 0.0000e+00 0.0000e+00 0.0000e+00 0.0000e+00]
 [3.8000e+00 0.0000e+00 0.0000e+00 6.1020e+02 0.0000e+00 0.0000e+00
  0.0000e+00 0.0000e+00 0.0000e+00 0.0000e+00 0.0000e+00 0.0000e+00]
 [4.0000e-01 0.0000e+00 0.0000e+00 0.0000e+00 6.1980e+02 0.0000e+00
  0.0000e+00 0.0000e+00 0.0000e+00 0.0000e+00 0.0000e+00 0.0000e+00]
 [4.0000e-01 0.0000e+00 0.0000e+00 0.0000e+00 0.0000e+00 6.1420e+02
  2.0000e-01 0.0000e+00 0.0000e+00 0.0000e+00 0.0000e+00 0.0000e+00]
 [5.6000e+00 8.0000e-01 0.0000e+00 0.0000e+00 0.0000e+00 0.0000e+00
  6.0520e+02 0.0000e+00 0.0000e+00 0.0000e+00 0.0000e+00 0.0000e+00]
 [1.0000e+00 6.0000e-01 0.0000e+00 0.0000e+00 0.0000e+00 0.0000e+00
  2.0000e-01 6.2840e+02 6.0000e-01 0.0000e+00 0.0000e+00 0.0000e+00]
 [2.4000e+00 2.0000e-01 0.0000e+00 0.0000e+00 0.0000e+00 0.0000e+00
  0.0000e+00 4.0000e-01 6.2040e+02 2.0000e-01 2.0000e-01 0.0000e+00]
 [2.4000e+00 0.0000e+00 0.0000e+00 0.0000e+00 0.0000e+00 0.0000e+00
  0.0000e+00 0.0000e+00 0.0000e+00 6.0900e+02 0.0000e+00 0.0000e+00]
 [2.2000e+00 0.0000e+00 0.0000e+00 0.0000e+00 0.0000e+00 0.0000e+00
  0.0000e+00 0.0000e+00 0.0000e+00 0.0000e+00 5.3600e+02 0.0000e+00]
 [2.6000e+00 0.0000e+00 0.0000e+00 0.0000e+00 0.0000e+00 0.0000e+00
  0.0000e+00 0.0000e+00 0.0000e+00 0.0000e+00 0.0000e+00 6.3860e+02]]
Total time elapsed: 6281.6815s