Mean accuracy: 0.8749 (std=0.004)
Mean F1 score: 0.8735 (std=0.004)
Mean confusion matrix:
[[3.5704e+03 1.0800e+01 6.5600e+01 3.3200e+01 1.5400e+01 1.6000e+01
  6.7400e+01 2.6800e+01 1.1800e+01 2.6800e+01 5.0000e+00 6.6800e+01]
 [1.2300e+02 4.7520e+02 0.0000e+00 1.0400e+01 3.2000e+00 2.0000e-01
  0.0000e+00 6.8000e+00 4.4000e+00 3.2000e+00 1.0200e+01 0.0000e+00]
 [2.7800e+01 0.0000e+00 6.7060e+02 0.0000e+00 0.0000e+00 0.0000e+00
  0.0000e+00 0.0000e+00 0.0000e+00 0.0000e+00 0.0000e+00 0.0000e+00]
 [4.8400e+01 1.4000e+01 0.0000e+00 5.4540e+02 6.0000e-01 0.0000e+00
  2.4000e+00 0.0000e+00 4.0000e-01 4.0000e-01 2.2000e+00 2.0000e-01]
 [4.6400e+01 2.6000e+00 0.0000e+00 6.0000e-01 5.5080e+02 1.2400e+01
  0.0000e+00 0.0000e+00 0.0000e+00 6.0000e-01 6.8000e+00 0.0000e+00]
 [5.5200e+01 0.0000e+00 0.0000e+00 0.0000e+00 1.0000e+00 5.5860e+02
  0.0000e+00 0.0000e+00 0.0000e+00 0.0000e+00 0.0000e+00 0.0000e+00]
 [4.1400e+01 5.2000e+00 0.0000e+00 1.8000e+00 0.0000e+00 0.0000e+00
  5.6260e+02 0.0000e+00 2.0000e-01 2.0000e-01 2.0000e-01 0.0000e+00]
 [3.7400e+01 6.8000e+00 0.0000e+00 0.0000e+00 0.0000e+00 0.0000e+00
  0.0000e+00 5.6260e+02 2.4000e+01 0.0000e+00 0.0000e+00 0.0000e+00]
 [8.2400e+01 1.1600e+01 0.0000e+00 0.0000e+00 0.0000e+00 0.0000e+00
  4.0000e-01 1.1600e+02 4.1340e+02 0.0000e+00 0.0000e+00 0.0000e+00]
 [7.0600e+01 3.2000e+00 0.0000e+00 6.0000e-01 3.6000e+00 2.6000e+00
  1.2000e+00 0.0000e+00 0.0000e+00 5.2480e+02 4.8000e+00 0.0000e+00]
 [1.1720e+02 1.1800e+01 0.0000e+00 2.0000e-01 2.6200e+01 0.0000e+00
  2.0000e-01 0.0000e+00 1.0000e+00 1.2000e+00 3.8040e+02 0.0000e+00]
 [4.3800e+01 0.0000e+00 0.0000e+00 4.0000e-01 0.0000e+00 0.0000e+00
  0.0000e+00 0.0000e+00 0.0000e+00 0.0000e+00 0.0000e+00 5.9700e+02]]
Total time elapsed: 9516.9419s