Mean accuracy: 0.9801 (std=0.002)
Mean F1 score: 0.9801 (std=0.002)
Mean confusion matrix:
[[3.788e+03 6.400e+00 7.400e+00 2.860e+01 9.600e+00 3.800e+00 1.120e+01
  6.400e+00 8.200e+00 8.400e+00 1.580e+01 2.220e+01]
 [1.580e+01 6.190e+02 0.000e+00 0.000e+00 0.000e+00 2.000e-01 2.000e-01
  1.000e+00 4.000e-01 0.000e+00 0.000e+00 0.000e+00]
 [7.800e+00 0.000e+00 6.906e+02 0.000e+00 0.000e+00 0.000e+00 0.000e+00
  0.000e+00 0.000e+00 0.000e+00 0.000e+00 0.000e+00]
 [1.140e+01 0.000e+00 0.000e+00 6.026e+02 0.000e+00 0.000e+00 0.000e+00
  0.000e+00 0.000e+00 0.000e+00 0.000e+00 0.000e+00]
 [2.600e+00 0.000e+00 0.000e+00 0.000e+00 6.176e+02 0.000e+00 0.000e+00
  0.000e+00 0.000e+00 0.000e+00 0.000e+00 0.000e+00]
 [6.000e-01 0.000e+00 0.000e+00 0.000e+00 0.000e+00 6.142e+02 0.000e+00
  0.000e+00 0.000e+00 0.000e+00 0.000e+00 0.000e+00]
 [1.440e+01 2.000e-01 0.000e+00 0.000e+00 0.000e+00 2.000e-01 5.968e+02
  0.000e+00 0.000e+00 0.000e+00 0.000e+00 0.000e+00]
 [2.200e+00 8.000e-01 0.000e+00 0.000e+00 0.000e+00 0.000e+00 0.000e+00
  6.278e+02 0.000e+00 0.000e+00 0.000e+00 0.000e+00]
 [8.200e+00 0.000e+00 0.000e+00 0.000e+00 0.000e+00 0.000e+00 2.000e-01
  0.000e+00 6.154e+02 0.000e+00 0.000e+00 0.000e+00]
 [4.600e+00 0.000e+00 0.000e+00 0.000e+00 0.000e+00 0.000e+00 0.000e+00
  0.000e+00 0.000e+00 6.068e+02 0.000e+00 0.000e+00]
 [7.400e+00 0.000e+00 0.000e+00 0.000e+00 0.000e+00 0.000e+00 0.000e+00
  0.000e+00 0.000e+00 0.000e+00 5.308e+02 0.000e+00]
 [8.000e+00 0.000e+00 0.000e+00 0.000e+00 0.000e+00 0.000e+00 0.000e+00
  0.000e+00 0.000e+00 0.000e+00 0.000e+00 6.332e+02]]
Total time elapsed: 267.4129s