Mean accuracy: 0.9889 (std=0.001)
Mean F1 score: 0.9889 (std=0.001)
Mean confusion matrix:
[[3.868e+03 5.000e+00 5.600e+00 5.600e+00 1.400e+00 6.000e-01 8.800e+00
  2.400e+00 4.000e+00 7.200e+00 4.000e+00 3.400e+00]
 [1.660e+01 6.194e+02 0.000e+00 0.000e+00 2.000e-01 0.000e+00 0.000e+00
  2.000e-01 0.000e+00 2.000e-01 0.000e+00 0.000e+00]
 [5.000e+00 0.000e+00 6.934e+02 0.000e+00 0.000e+00 0.000e+00 0.000e+00
  0.000e+00 0.000e+00 0.000e+00 0.000e+00 0.000e+00]
 [1.000e+01 0.000e+00 0.000e+00 6.038e+02 0.000e+00 0.000e+00 2.000e-01
  0.000e+00 0.000e+00 0.000e+00 0.000e+00 0.000e+00]
 [1.200e+00 6.000e-01 0.000e+00 0.000e+00 6.184e+02 0.000e+00 0.000e+00
  0.000e+00 0.000e+00 0.000e+00 0.000e+00 0.000e+00]
 [3.800e+00 0.000e+00 0.000e+00 0.000e+00 4.000e-01 6.106e+02 0.000e+00
  0.000e+00 0.000e+00 0.000e+00 0.000e+00 0.000e+00]
 [8.400e+00 1.000e+00 0.000e+00 0.000e+00 0.000e+00 0.000e+00 6.020e+02
  0.000e+00 0.000e+00 2.000e-01 0.000e+00 0.000e+00]
 [2.400e+00 2.000e-01 0.000e+00 0.000e+00 0.000e+00 0.000e+00 2.000e-01
  6.264e+02 1.600e+00 0.000e+00 0.000e+00 0.000e+00]
 [4.000e+00 0.000e+00 0.000e+00 0.000e+00 0.000e+00 0.000e+00 2.000e-01
  1.400e+00 6.182e+02 0.000e+00 0.000e+00 0.000e+00]
 [2.800e+00 0.000e+00 0.000e+00 0.000e+00 2.000e-01 0.000e+00 0.000e+00
  0.000e+00 0.000e+00 6.084e+02 0.000e+00 0.000e+00]
 [5.800e+00 0.000e+00 0.000e+00 0.000e+00 0.000e+00 0.000e+00 0.000e+00
  0.000e+00 0.000e+00 0.000e+00 5.324e+02 0.000e+00]
 [4.400e+00 0.000e+00 0.000e+00 0.000e+00 0.000e+00 0.000e+00 0.000e+00
  0.000e+00 0.000e+00 2.000e-01 0.000e+00 6.366e+02]]
Total time elapsed: 18256.7039s