Mean accuracy: 0.9879 (std=0.001)
Mean F1 score: 0.9879 (std=0.001)
Mean confusion matrix:
[[3.8858e+03 2.2000e+00 2.0000e+00 5.2000e+00 1.2000e+00 2.4000e+00
  3.6000e+00 2.4000e+00 2.2000e+00 4.0000e+00 2.4000e+00 2.6000e+00]
 [1.9600e+01 6.1660e+02 0.0000e+00 0.0000e+00 0.0000e+00 0.0000e+00
  2.0000e-01 0.0000e+00 2.0000e-01 0.0000e+00 0.0000e+00 0.0000e+00]
 [5.6000e+00 0.0000e+00 6.9280e+02 0.0000e+00 0.0000e+00 0.0000e+00
  0.0000e+00 0.0000e+00 0.0000e+00 0.0000e+00 0.0000e+00 0.0000e+00]
 [8.8000e+00 0.0000e+00 0.0000e+00 6.0520e+02 0.0000e+00 0.0000e+00
  0.0000e+00 0.0000e+00 0.0000e+00 0.0000e+00 0.0000e+00 0.0000e+00]
 [2.8000e+00 4.0000e-01 0.0000e+00 0.0000e+00 6.1700e+02 0.0000e+00
  0.0000e+00 0.0000e+00 0.0000e+00 0.0000e+00 0.0000e+00 0.0000e+00]
 [6.0000e-01 0.0000e+00 0.0000e+00 0.0000e+00 0.0000e+00 6.1420e+02
  0.0000e+00 0.0000e+00 0.0000e+00 0.0000e+00 0.0000e+00 0.0000e+00]
 [1.0200e+01 0.0000e+00 0.0000e+00 0.0000e+00 0.0000e+00 0.0000e+00
  6.0120e+02 0.0000e+00 0.0000e+00 0.0000e+00 2.0000e-01 0.0000e+00]
 [4.0000e+00 8.0000e-01 0.0000e+00 0.0000e+00 0.0000e+00 0.0000e+00
  0.0000e+00 6.2420e+02 1.8000e+00 0.0000e+00 0.0000e+00 0.0000e+00]
 [1.5600e+01 4.0000e-01 0.0000e+00 0.0000e+00 0.0000e+00 0.0000e+00
  0.0000e+00 2.0000e-01 6.0760e+02 0.0000e+00 0.0000e+00 0.0000e+00]
 [5.4000e+00 0.0000e+00 0.0000e+00 0.0000e+00 0.0000e+00 0.0000e+00
  0.0000e+00 0.0000e+00 0.0000e+00 6.0600e+02 0.0000e+00 0.0000e+00]
 [1.2400e+01 6.0000e-01 0.0000e+00 0.0000e+00 8.0000e-01 2.0000e-01
  2.0000e-01 0.0000e+00 0.0000e+00 2.0000e-01 5.2380e+02 0.0000e+00]
 [9.0000e+00 0.0000e+00 0.0000e+00 0.0000e+00 0.0000e+00 0.0000e+00
  0.0000e+00 0.0000e+00 0.0000e+00 0.0000e+00 0.0000e+00 6.3220e+02]]
Total time elapsed: 75242.0826s