Mean accuracy: 0.9801 (std=0.0013)
Mean F1 score: 0.9801 (std=0.0013)
Mean confusion matrix:
[[3.8608e+03 3.2000e+00 8.0000e+00 8.4000e+00 2.2000e+00 2.8000e+00
  1.0400e+01 3.4000e+00 3.0000e+00 5.4000e+00 3.6000e+00 4.8000e+00]
 [2.1600e+01 6.1120e+02 0.0000e+00 2.0000e-01 2.0000e-01 2.0000e-01
  2.0000e-01 8.0000e-01 6.0000e-01 6.0000e-01 1.0000e+00 0.0000e+00]
 [8.2000e+00 0.0000e+00 6.9020e+02 0.0000e+00 0.0000e+00 0.0000e+00
  0.0000e+00 0.0000e+00 0.0000e+00 0.0000e+00 0.0000e+00 0.0000e+00]
 [1.0400e+01 1.0000e+00 0.0000e+00 6.0140e+02 6.0000e-01 0.0000e+00
  6.0000e-01 0.0000e+00 0.0000e+00 0.0000e+00 0.0000e+00 0.0000e+00]
 [6.8000e+00 8.0000e-01 0.0000e+00 0.0000e+00 6.1180e+02 6.0000e-01
  0.0000e+00 0.0000e+00 2.0000e-01 0.0000e+00 0.0000e+00 0.0000e+00]
 [2.8000e+00 0.0000e+00 0.0000e+00 0.0000e+00 0.0000e+00 6.1180e+02
  0.0000e+00 0.0000e+00 0.0000e+00 2.0000e-01 0.0000e+00 0.0000e+00]
 [1.1400e+01 8.0000e-01 0.0000e+00 0.0000e+00 0.0000e+00 0.0000e+00
  5.9900e+02 2.0000e-01 0.0000e+00 2.0000e-01 0.0000e+00 0.0000e+00]
 [4.0000e+00 1.8000e+00 0.0000e+00 0.0000e+00 0.0000e+00 0.0000e+00
  0.0000e+00 6.1180e+02 1.3200e+01 0.0000e+00 0.0000e+00 0.0000e+00]
 [1.5600e+01 8.0000e-01 0.0000e+00 0.0000e+00 0.0000e+00 0.0000e+00
  1.0000e+00 8.0000e+00 5.9820e+02 0.0000e+00 2.0000e-01 0.0000e+00]
 [1.1800e+01 2.0000e-01 0.0000e+00 0.0000e+00 4.0000e-01 2.0000e-01
  1.6000e+00 0.0000e+00 0.0000e+00 5.9660e+02 6.0000e-01 0.0000e+00]
 [1.4000e+01 1.4000e+00 0.0000e+00 0.0000e+00 4.0000e-01 2.0000e-01
  0.0000e+00 0.0000e+00 8.0000e-01 2.0000e-01 5.2120e+02 0.0000e+00]
 [1.2400e+01 0.0000e+00 0.0000e+00 2.0000e-01 0.0000e+00 0.0000e+00
  0.0000e+00 0.0000e+00 0.0000e+00 0.0000e+00 0.0000e+00 6.2860e+02]]
Total time elapsed: 2610.1736s