Mean accuracy: 0.9272 (std=0.0027)
Mean F1 score: 0.9271 (std=0.0028)
Mean confusion matrix:
[[3.7114e+03 2.9000e+01 1.8600e+01 2.4600e+01 1.0000e+01 9.2000e+00
  3.1000e+01 9.2000e+00 1.6800e+01 1.7800e+01 2.3800e+01 1.4600e+01]
 [3.1200e+01 5.5680e+02 0.0000e+00 1.0400e+01 3.0000e+00 4.4000e+00
  4.0000e-01 6.8000e+00 9.4000e+00 4.6000e+00 9.6000e+00 0.0000e+00]
 [1.4400e+01 0.0000e+00 6.8400e+02 0.0000e+00 0.0000e+00 0.0000e+00
  0.0000e+00 0.0000e+00 0.0000e+00 0.0000e+00 0.0000e+00 0.0000e+00]
 [2.4800e+01 9.0000e+00 0.0000e+00 5.7460e+02 6.0000e-01 0.0000e+00
  2.2000e+00 0.0000e+00 0.0000e+00 1.2000e+00 4.0000e-01 1.2000e+00]
 [1.2800e+01 1.8000e+00 0.0000e+00 2.0000e-01 5.9960e+02 1.4000e+00
  0.0000e+00 0.0000e+00 0.0000e+00 1.2000e+00 3.2000e+00 0.0000e+00]
 [7.0000e+00 1.0000e+00 0.0000e+00 0.0000e+00 8.0000e-01 6.0140e+02
  0.0000e+00 0.0000e+00 4.0000e-01 2.2000e+00 2.0000e+00 0.0000e+00]
 [3.0600e+01 1.2000e+00 0.0000e+00 2.4000e+00 0.0000e+00 2.0000e-01
  5.7400e+02 2.0000e-01 2.0000e+00 4.0000e-01 6.0000e-01 0.0000e+00]
 [1.4200e+01 5.0000e+00 0.0000e+00 0.0000e+00 0.0000e+00 0.0000e+00
  0.0000e+00 5.2120e+02 9.0400e+01 0.0000e+00 0.0000e+00 0.0000e+00]
 [2.4200e+01 4.0000e+00 0.0000e+00 0.0000e+00 0.0000e+00 6.0000e-01
  4.0000e-01 1.0560e+02 4.8860e+02 0.0000e+00 4.0000e-01 0.0000e+00]
 [1.9800e+01 1.5000e+01 0.0000e+00 3.2000e+00 6.6000e+00 8.0000e+00
  1.6000e+00 0.0000e+00 2.0000e-01 5.4880e+02 8.0000e+00 2.0000e-01]
 [2.3200e+01 4.4000e+00 0.0000e+00 4.0000e-01 1.1000e+01 1.6000e+00
  4.0000e-01 4.0000e-01 1.4000e+00 1.8000e+00 4.9360e+02 0.0000e+00]
 [1.9400e+01 0.0000e+00 0.0000e+00 1.4000e+00 0.0000e+00 0.0000e+00
  4.0000e-01 0.0000e+00 0.0000e+00 0.0000e+00 0.0000e+00 6.2000e+02]]
Total time elapsed: 5451.5078s