Mean accuracy: 0.9770 (std=0.0021)
Mean F1 score: 0.9771 (std=0.0021)
Mean confusion matrix:
[[3.8684e+03 1.0000e+00 1.3400e+01 6.6000e+00 2.6000e+00 8.0000e-01
  1.0600e+01 2.0000e+00 1.2000e+00 6.0000e+00 1.2000e+00 2.2000e+00]
 [3.2600e+01 6.0160e+02 0.0000e+00 2.0000e-01 0.0000e+00 2.0000e-01
  2.0000e-01 1.4000e+00 4.0000e-01 0.0000e+00 0.0000e+00 0.0000e+00]
 [9.2000e+00 0.0000e+00 6.8920e+02 0.0000e+00 0.0000e+00 0.0000e+00
  0.0000e+00 0.0000e+00 0.0000e+00 0.0000e+00 0.0000e+00 0.0000e+00]
 [1.1400e+01 0.0000e+00 0.0000e+00 6.0260e+02 0.0000e+00 0.0000e+00
  0.0000e+00 0.0000e+00 0.0000e+00 0.0000e+00 0.0000e+00 0.0000e+00]
 [8.8000e+00 0.0000e+00 0.0000e+00 0.0000e+00 6.1140e+02 0.0000e+00
  0.0000e+00 0.0000e+00 0.0000e+00 0.0000e+00 0.0000e+00 0.0000e+00]
 [2.4000e+00 0.0000e+00 0.0000e+00 0.0000e+00 0.0000e+00 6.1240e+02
  0.0000e+00 0.0000e+00 0.0000e+00 0.0000e+00 0.0000e+00 0.0000e+00]
 [1.6600e+01 4.0000e-01 0.0000e+00 0.0000e+00 0.0000e+00 0.0000e+00
  5.9440e+02 0.0000e+00 0.0000e+00 2.0000e-01 0.0000e+00 0.0000e+00]
 [1.4400e+01 6.0000e-01 0.0000e+00 0.0000e+00 0.0000e+00 0.0000e+00
  0.0000e+00 6.1280e+02 3.0000e+00 0.0000e+00 0.0000e+00 0.0000e+00]
 [3.8600e+01 0.0000e+00 0.0000e+00 0.0000e+00 0.0000e+00 0.0000e+00
  0.0000e+00 2.0000e-01 5.8500e+02 0.0000e+00 0.0000e+00 0.0000e+00]
 [1.5800e+01 0.0000e+00 0.0000e+00 0.0000e+00 0.0000e+00 0.0000e+00
  0.0000e+00 0.0000e+00 0.0000e+00 5.9560e+02 0.0000e+00 0.0000e+00]
 [2.7800e+01 2.0000e-01 0.0000e+00 0.0000e+00 0.0000e+00 0.0000e+00
  0.0000e+00 0.0000e+00 0.0000e+00 4.0000e-01 5.0980e+02 0.0000e+00]
 [1.4400e+01 0.0000e+00 0.0000e+00 0.0000e+00 0.0000e+00 0.0000e+00
  0.0000e+00 0.0000e+00 0.0000e+00 0.0000e+00 0.0000e+00 6.2680e+02]]
Total time elapsed: 3046.0493s