Mean accuracy: 0.9142 (std=0.004)
Mean F1 score: 0.9141 (std=0.004)
Mean confusion matrix:
[[3.5258e+03 3.5000e+01 4.0600e+01 3.6000e+01 2.8000e+01 2.1800e+01
  5.7600e+01 2.3800e+01 4.1400e+01 3.9200e+01 3.1800e+01 3.5000e+01]
 [4.7600e+01 5.5620e+02 0.0000e+00 5.6000e+00 1.2000e+00 4.0000e-01
  1.4000e+00 9.4000e+00 1.4000e+00 6.0000e-01 1.2800e+01 0.0000e+00]
 [2.7400e+01 0.0000e+00 6.7040e+02 6.0000e-01 0.0000e+00 0.0000e+00
  0.0000e+00 0.0000e+00 0.0000e+00 0.0000e+00 0.0000e+00 0.0000e+00]
 [4.1600e+01 4.6000e+00 0.0000e+00 5.6480e+02 4.0000e-01 2.0000e-01
  2.0000e+00 0.0000e+00 2.0000e-01 0.0000e+00 2.0000e-01 0.0000e+00]
 [1.7400e+01 2.2000e+00 0.0000e+00 0.0000e+00 5.9300e+02 3.8000e+00
  0.0000e+00 0.0000e+00 1.2000e+00 6.0000e-01 2.0000e+00 0.0000e+00]
 [1.6000e+01 2.0000e-01 0.0000e+00 0.0000e+00 2.2000e+00 5.9300e+02
  4.0000e-01 0.0000e+00 0.0000e+00 0.0000e+00 3.0000e+00 0.0000e+00]
 [5.1200e+01 7.2000e+00 0.0000e+00 2.6000e+00 0.0000e+00 4.0000e-01
  5.4760e+02 0.0000e+00 1.2000e+00 2.0000e-01 0.0000e+00 1.2000e+00]
 [1.5000e+01 6.8000e+00 0.0000e+00 0.0000e+00 0.0000e+00 8.0000e-01
  6.0000e-01 5.7860e+02 2.8800e+01 0.0000e+00 2.0000e-01 0.0000e+00]
 [2.8000e+01 2.8000e+00 0.0000e+00 0.0000e+00 0.0000e+00 4.0000e-01
  6.2000e+00 3.0800e+01 5.5460e+02 2.0000e-01 8.0000e-01 0.0000e+00]
 [2.9600e+01 1.0000e+00 0.0000e+00 6.0000e-01 2.2000e+00 1.0000e+00
  6.0000e-01 0.0000e+00 0.0000e+00 5.7500e+02 1.2000e+00 2.0000e-01]
 [5.1400e+01 1.2000e+01 0.0000e+00 2.0000e-01 2.2000e+00 1.2000e+00
  2.0000e-01 0.0000e+00 1.4000e+00 6.0000e-01 4.6900e+02 0.0000e+00]
 [3.4000e+01 0.0000e+00 0.0000e+00 4.0000e-01 0.0000e+00 0.0000e+00
  6.0000e-01 0.0000e+00 0.0000e+00 0.0000e+00 0.0000e+00 6.0620e+02]]
Total time elapsed: 560.4869s