Mean accuracy: 0.9895 (std=0.014)
Mean F1 score: 0.9895 (std=0.014)
Mean confusion matrix:
[[3.8924e+03 6.2000e+00 1.0000e+00 2.0000e+00 1.0000e+00 3.2000e+00
  3.2000e+00 0.0000e+00 8.0000e-01 1.2000e+00 2.0000e+00 3.0000e+00]
 [1.6200e+01 6.1100e+02 0.0000e+00 0.0000e+00 0.0000e+00 4.2000e+00
  1.0000e+00 4.0000e+00 2.0000e-01 0.0000e+00 0.0000e+00 0.0000e+00]
 [9.4000e+00 0.0000e+00 6.8900e+02 0.0000e+00 0.0000e+00 0.0000e+00
  0.0000e+00 0.0000e+00 0.0000e+00 0.0000e+00 0.0000e+00 0.0000e+00]
 [1.4000e+00 8.0000e-01 0.0000e+00 6.0820e+02 0.0000e+00 0.0000e+00
  0.0000e+00 3.0000e+00 4.0000e-01 2.0000e-01 0.0000e+00 0.0000e+00]
 [3.2000e+00 8.0000e-01 0.0000e+00 0.0000e+00 6.1520e+02 0.0000e+00
  2.0000e-01 0.0000e+00 0.0000e+00 0.0000e+00 8.0000e-01 0.0000e+00]
 [4.0000e-01 6.0000e+00 0.0000e+00 0.0000e+00 0.0000e+00 6.0680e+02
  4.0000e-01 8.0000e-01 0.0000e+00 4.0000e-01 0.0000e+00 0.0000e+00]
 [3.0000e+00 6.0000e-01 0.0000e+00 2.4000e+00 0.0000e+00 6.0000e-01
  6.0500e+02 0.0000e+00 0.0000e+00 0.0000e+00 0.0000e+00 0.0000e+00]
 [3.6000e+00 2.0000e-01 0.0000e+00 0.0000e+00 0.0000e+00 0.0000e+00
  0.0000e+00 6.2100e+02 5.6000e+00 4.0000e-01 0.0000e+00 0.0000e+00]
 [4.0000e+00 0.0000e+00 0.0000e+00 0.0000e+00 0.0000e+00 8.0000e-01
  0.0000e+00 2.0000e-01 6.1820e+02 6.0000e-01 0.0000e+00 0.0000e+00]
 [1.8000e+00 0.0000e+00 0.0000e+00 0.0000e+00 0.0000e+00 0.0000e+00
  0.0000e+00 0.0000e+00 0.0000e+00 6.0960e+02 0.0000e+00 0.0000e+00]
 [3.6000e+00 0.0000e+00 0.0000e+00 0.0000e+00 0.0000e+00 4.0000e-01
  0.0000e+00 0.0000e+00 1.4000e+00 0.0000e+00 5.3280e+02 0.0000e+00]
 [6.8000e+00 0.0000e+00 0.0000e+00 0.0000e+00 0.0000e+00 0.0000e+00
  0.0000e+00 0.0000e+00 0.0000e+00 0.0000e+00 0.0000e+00 6.3440e+02]]
Total time elapsed: 241065.8220s