Mean accuracy: 0.2649 (std=0.006)
Mean F1 score: 0.1925 (std=0.006)
Mean confusion matrix:
[[0.0000e+00 1.6200e+01 3.8340e+02 1.0780e+03 1.1800e+01 4.1800e+01
  1.9720e+02 1.1860e+02 1.0600e+02 0.0000e+00 4.0200e+01 1.9228e+03]
 [0.0000e+00 3.4600e+01 0.0000e+00 4.3600e+02 0.0000e+00 4.0000e-01
  2.8600e+01 3.6000e+00 6.8000e+00 0.0000e+00 4.0000e-01 1.2620e+02]
 [0.0000e+00 0.0000e+00 6.9840e+02 0.0000e+00 0.0000e+00 0.0000e+00
  0.0000e+00 0.0000e+00 0.0000e+00 0.0000e+00 0.0000e+00 0.0000e+00]
 [0.0000e+00 0.0000e+00 0.0000e+00 6.1100e+02 0.0000e+00 0.0000e+00
  0.0000e+00 0.0000e+00 0.0000e+00 0.0000e+00 0.0000e+00 3.0000e+00]
 [0.0000e+00 8.0000e-01 0.0000e+00 3.0320e+02 6.8000e+00 4.0000e-01
  6.2000e+00 2.0000e-01 2.0000e-01 0.0000e+00 0.0000e+00 3.0240e+02]
 [0.0000e+00 6.0000e-01 0.0000e+00 2.4040e+02 0.0000e+00 3.2800e+02
  8.6000e+00 4.0000e-01 2.8000e+00 0.0000e+00 0.0000e+00 3.4000e+01]
 [0.0000e+00 4.0000e-01 0.0000e+00 3.6220e+02 0.0000e+00 0.0000e+00
  1.2900e+02 2.0000e-01 2.0000e-01 0.0000e+00 0.0000e+00 1.1960e+02]
 [0.0000e+00 0.0000e+00 0.0000e+00 2.4900e+02 0.0000e+00 0.0000e+00
  1.0000e+00 2.1420e+02 5.4000e+00 0.0000e+00 0.0000e+00 1.6120e+02]
 [0.0000e+00 8.0000e-01 0.0000e+00 2.0860e+02 0.0000e+00 0.0000e+00
  9.6000e+00 1.0400e+02 9.2000e+01 0.0000e+00 0.0000e+00 2.0880e+02]
 [0.0000e+00 7.4000e+00 0.0000e+00 2.7680e+02 1.2000e+00 8.6000e+00
  8.0600e+01 9.0000e+00 3.4800e+01 0.0000e+00 1.4200e+01 1.7880e+02]
 [0.0000e+00 2.0200e+01 0.0000e+00 1.9140e+02 0.0000e+00 2.0000e-01
  5.7600e+01 2.4000e+00 6.0000e+00 0.0000e+00 1.2140e+02 1.3900e+02]
 [0.0000e+00 0.0000e+00 0.0000e+00 2.6600e+01 0.0000e+00 0.0000e+00
  0.0000e+00 0.0000e+00 0.0000e+00 0.0000e+00 0.0000e+00 6.1460e+02]]
Total time elapsed: 375.0354s