Mean accuracy: 0.8522 (std=0.002)
Mean F1 score: 0.8507 (std=0.002)
Mean confusion matrix:
[[3.3642e+03 2.4600e+01 5.8200e+01 3.9000e+01 4.9200e+01 7.0000e+01
  7.7600e+01 4.4600e+01 4.8200e+01 5.2000e+01 2.3000e+01 6.5400e+01]
 [1.1180e+02 4.2320e+02 0.0000e+00 4.5600e+01 1.1800e+01 7.8000e+00
  4.0000e+00 1.7600e+01 1.2000e+00 1.2000e+00 1.0600e+01 1.8000e+00]
 [3.3000e+01 0.0000e+00 6.6500e+02 0.0000e+00 0.0000e+00 4.0000e-01
  0.0000e+00 0.0000e+00 0.0000e+00 0.0000e+00 0.0000e+00 0.0000e+00]
 [5.3400e+01 1.0400e+01 0.0000e+00 5.3500e+02 3.0000e+00 0.0000e+00
  1.1600e+01 2.0000e-01 0.0000e+00 2.0000e-01 2.0000e-01 0.0000e+00]
 [5.2400e+01 4.0000e-01 0.0000e+00 8.0000e-01 5.5260e+02 8.0000e+00
  0.0000e+00 4.0000e-01 0.0000e+00 5.2000e+00 4.0000e-01 0.0000e+00]
 [4.3200e+01 0.0000e+00 0.0000e+00 0.0000e+00 8.0000e-01 5.7000e+02
  8.0000e-01 0.0000e+00 0.0000e+00 0.0000e+00 0.0000e+00 0.0000e+00]
 [4.6800e+01 2.4000e+00 0.0000e+00 3.2000e+00 0.0000e+00 0.0000e+00
  5.5660e+02 1.2000e+00 0.0000e+00 2.0000e-01 0.0000e+00 1.2000e+00]
 [6.3600e+01 6.8000e+00 0.0000e+00 2.0000e-01 8.0000e-01 0.0000e+00
  8.0000e-01 4.9740e+02 5.8000e+01 0.0000e+00 3.2000e+00 0.0000e+00]
 [7.0800e+01 3.4000e+00 0.0000e+00 0.0000e+00 1.0000e+00 2.8000e+00
  5.0000e+00 1.1960e+02 4.1820e+02 2.0000e-01 2.8000e+00 0.0000e+00]
 [3.0600e+01 0.0000e+00 0.0000e+00 1.2000e+00 2.0000e+00 6.0000e-01
  4.0000e+00 0.0000e+00 0.0000e+00 5.7200e+02 1.0000e+00 0.0000e+00]
 [6.9200e+01 9.0000e+00 0.0000e+00 1.0000e+00 1.7200e+01 1.8600e+01
  1.2000e+00 1.6000e+00 7.6000e+00 2.6000e+00 4.0760e+02 2.6000e+00]
 [3.5800e+01 0.0000e+00 0.0000e+00 0.0000e+00 0.0000e+00 0.0000e+00
  0.0000e+00 0.0000e+00 0.0000e+00 0.0000e+00 0.0000e+00 6.0540e+02]]
Total time elapsed: 3.2100s