Mean accuracy: 0.9825 (std=0.013)
Mean F1 score: 0.9824 (std=0.013)
Mean confusion matrix:
[[3.8888e+03 1.0600e+01 9.4000e+00 1.0000e+00 0.0000e+00 2.0000e-01
  2.2000e+00 0.0000e+00 2.0000e-01 2.0000e-01 2.0000e-01 3.2000e+00]
 [1.8000e+01 6.0700e+02 0.0000e+00 2.8000e+00 3.0000e+00 2.0000e-01
  2.0000e-01 6.0000e-01 1.0000e+00 0.0000e+00 3.8000e+00 0.0000e+00]
 [4.2000e+00 0.0000e+00 6.9420e+02 0.0000e+00 0.0000e+00 0.0000e+00
  0.0000e+00 0.0000e+00 0.0000e+00 0.0000e+00 0.0000e+00 0.0000e+00]
 [7.6000e+00 0.0000e+00 0.0000e+00 6.0460e+02 0.0000e+00 0.0000e+00
  6.0000e-01 0.0000e+00 0.0000e+00 0.0000e+00 0.0000e+00 1.2000e+00]
 [8.0000e+00 6.0000e-01 0.0000e+00 0.0000e+00 6.1080e+02 2.0000e-01
  0.0000e+00 0.0000e+00 0.0000e+00 0.0000e+00 6.0000e-01 0.0000e+00]
 [5.2000e+00 2.0000e-01 0.0000e+00 0.0000e+00 0.0000e+00 6.0900e+02
  0.0000e+00 0.0000e+00 0.0000e+00 0.0000e+00 4.0000e-01 0.0000e+00]
 [7.6000e+00 4.0000e-01 0.0000e+00 2.0000e-01 0.0000e+00 2.0000e-01
  6.0240e+02 0.0000e+00 6.0000e-01 0.0000e+00 2.0000e-01 0.0000e+00]
 [8.2000e+00 3.6000e+00 0.0000e+00 0.0000e+00 0.0000e+00 0.0000e+00
  0.0000e+00 5.7960e+02 3.9400e+01 0.0000e+00 0.0000e+00 0.0000e+00]
 [1.4200e+01 0.0000e+00 0.0000e+00 0.0000e+00 0.0000e+00 0.0000e+00
  0.0000e+00 6.4000e+00 6.0300e+02 0.0000e+00 2.0000e-01 0.0000e+00]
 [6.2000e+00 2.0000e-01 0.0000e+00 0.0000e+00 0.0000e+00 0.0000e+00
  0.0000e+00 0.0000e+00 2.0000e-01 6.0380e+02 1.0000e+00 0.0000e+00]
 [8.4000e+00 4.0000e-01 0.0000e+00 0.0000e+00 2.0000e-01 0.0000e+00
  0.0000e+00 0.0000e+00 4.0000e-01 8.0000e-01 5.2800e+02 0.0000e+00]
 [4.0000e+00 0.0000e+00 0.0000e+00 0.0000e+00 0.0000e+00 0.0000e+00
  0.0000e+00 0.0000e+00 0.0000e+00 0.0000e+00 0.0000e+00 6.3720e+02]]
Total time elapsed: 3064.0059s