Mean accuracy: 0.9964 (std=0.007)
Mean F1 score: 0.9964 (std=0.007)
Mean confusion matrix:
[[3.908e+03 6.000e-01 2.000e-01 8.000e-01 0.000e+00 0.000e+00 1.400e+00
  2.000e-01 0.000e+00 2.400e+00 1.200e+00 1.200e+00]
 [2.600e+00 6.338e+02 0.000e+00 0.000e+00 0.000e+00 0.000e+00 2.000e-01
  0.000e+00 0.000e+00 0.000e+00 0.000e+00 0.000e+00]
 [4.000e-01 0.000e+00 6.980e+02 0.000e+00 0.000e+00 0.000e+00 0.000e+00
  0.000e+00 0.000e+00 0.000e+00 0.000e+00 0.000e+00]
 [4.000e+00 0.000e+00 0.000e+00 6.098e+02 0.000e+00 0.000e+00 0.000e+00
  0.000e+00 0.000e+00 0.000e+00 0.000e+00 2.000e-01]
 [2.400e+00 0.000e+00 0.000e+00 0.000e+00 6.178e+02 0.000e+00 0.000e+00
  0.000e+00 0.000e+00 0.000e+00 0.000e+00 0.000e+00]
 [1.800e+00 0.000e+00 0.000e+00 0.000e+00 0.000e+00 6.128e+02 2.000e-01
  0.000e+00 0.000e+00 0.000e+00 0.000e+00 0.000e+00]
 [4.800e+00 0.000e+00 0.000e+00 0.000e+00 0.000e+00 0.000e+00 6.068e+02
  0.000e+00 0.000e+00 0.000e+00 0.000e+00 0.000e+00]
 [4.800e+00 0.000e+00 0.000e+00 0.000e+00 0.000e+00 0.000e+00 0.000e+00
  6.260e+02 0.000e+00 0.000e+00 0.000e+00 0.000e+00]
 [2.200e+00 0.000e+00 0.000e+00 2.000e-01 0.000e+00 0.000e+00 0.000e+00
  0.000e+00 6.214e+02 0.000e+00 0.000e+00 0.000e+00]
 [4.200e+00 0.000e+00 0.000e+00 0.000e+00 0.000e+00 0.000e+00 0.000e+00
  0.000e+00 0.000e+00 6.072e+02 0.000e+00 0.000e+00]
 [2.000e+00 0.000e+00 0.000e+00 0.000e+00 0.000e+00 0.000e+00 0.000e+00
  0.000e+00 0.000e+00 0.000e+00 5.356e+02 6.000e-01]
 [0.000e+00 0.000e+00 0.000e+00 0.000e+00 0.000e+00 0.000e+00 0.000e+00
  0.000e+00 0.000e+00 0.000e+00 0.000e+00 6.412e+02]]
Total time elapsed: 165762.2391s