Mean accuracy: 0.9974 (std=0.000)
Mean F1 score: 0.9974 (std=0.000)
Mean confusion matrix:
[[3.9084e+03 2.6000e+00 1.2000e+00 6.0000e-01 0.0000e+00 0.0000e+00
  1.2000e+00 2.0000e-01 6.0000e-01 0.0000e+00 6.0000e-01 6.0000e-01]
 [1.2800e+01 6.2300e+02 0.0000e+00 0.0000e+00 0.0000e+00 0.0000e+00
  2.0000e-01 2.0000e-01 2.0000e-01 2.0000e-01 0.0000e+00 0.0000e+00]
 [1.2000e+00 0.0000e+00 6.9720e+02 0.0000e+00 0.0000e+00 0.0000e+00
  0.0000e+00 0.0000e+00 0.0000e+00 0.0000e+00 0.0000e+00 0.0000e+00]
 [1.0000e+00 0.0000e+00 0.0000e+00 6.1300e+02 0.0000e+00 0.0000e+00
  0.0000e+00 0.0000e+00 0.0000e+00 0.0000e+00 0.0000e+00 0.0000e+00]
 [0.0000e+00 0.0000e+00 0.0000e+00 0.0000e+00 6.2020e+02 0.0000e+00
  0.0000e+00 0.0000e+00 0.0000e+00 0.0000e+00 0.0000e+00 0.0000e+00]
 [2.0000e-01 0.0000e+00 0.0000e+00 0.0000e+00 0.0000e+00 6.1460e+02
  0.0000e+00 0.0000e+00 0.0000e+00 0.0000e+00 0.0000e+00 0.0000e+00]
 [2.2000e+00 0.0000e+00 0.0000e+00 0.0000e+00 0.0000e+00 0.0000e+00
  6.0940e+02 0.0000e+00 0.0000e+00 0.0000e+00 0.0000e+00 0.0000e+00]
 [0.0000e+00 0.0000e+00 0.0000e+00 0.0000e+00 0.0000e+00 0.0000e+00
  0.0000e+00 6.3080e+02 0.0000e+00 0.0000e+00 0.0000e+00 0.0000e+00]
 [6.0000e-01 0.0000e+00 0.0000e+00 0.0000e+00 0.0000e+00 0.0000e+00
  0.0000e+00 0.0000e+00 6.2320e+02 0.0000e+00 0.0000e+00 0.0000e+00]
 [6.0000e-01 0.0000e+00 0.0000e+00 0.0000e+00 0.0000e+00 0.0000e+00
  0.0000e+00 0.0000e+00 0.0000e+00 6.1080e+02 0.0000e+00 0.0000e+00]
 [1.0000e+00 0.0000e+00 0.0000e+00 0.0000e+00 0.0000e+00 0.0000e+00
  0.0000e+00 0.0000e+00 0.0000e+00 0.0000e+00 5.3720e+02 0.0000e+00]
 [4.0000e-01 0.0000e+00 0.0000e+00 0.0000e+00 0.0000e+00 0.0000e+00
  0.0000e+00 0.0000e+00 0.0000e+00 0.0000e+00 0.0000e+00 6.4080e+02]]
Total time elapsed: 127724.7404s