Mean accuracy: 0.4134 (std=0.003)
Mean F1 score: 0.4225 (std=0.002)
Mean confusion matrix:
[[1.514e+03 4.200e+00 3.834e+02 1.800e+00 7.868e+02 2.460e+01 5.500e+01
  5.742e+02 2.680e+01 1.600e+00 2.002e+02 3.434e+02]
 [5.000e+00 5.700e+01 0.000e+00 6.640e+01 1.680e+02 6.000e-01 6.400e+00
  1.638e+02 1.140e+01 4.600e+00 1.532e+02 2.000e-01]
 [8.000e-01 0.000e+00 6.976e+02 0.000e+00 0.000e+00 0.000e+00 0.000e+00
  0.000e+00 0.000e+00 0.000e+00 0.000e+00 0.000e+00]
 [0.000e+00 5.820e+01 0.000e+00 9.360e+01 1.678e+02 2.000e-01 8.020e+01
  5.340e+01 0.000e+00 2.000e-01 1.596e+02 8.000e-01]
 [8.400e+00 3.200e+00 0.000e+00 2.180e+01 4.258e+02 1.000e+00 8.000e-01
  9.800e+00 0.000e+00 5.200e+00 1.412e+02 3.000e+00]
 [6.000e-01 0.000e+00 0.000e+00 9.600e+00 2.290e+02 2.608e+02 3.100e+01
  4.200e+00 0.000e+00 0.000e+00 7.940e+01 2.000e-01]
 [0.000e+00 1.800e+00 0.000e+00 9.000e+00 2.800e+00 0.000e+00 3.600e+02
  1.320e+01 3.260e+01 8.000e-01 1.080e+02 8.340e+01]
 [7.600e+00 3.000e+01 0.000e+00 0.000e+00 1.420e+01 0.000e+00 0.000e+00
  4.888e+02 2.960e+01 0.000e+00 6.060e+01 0.000e+00]
 [8.400e+00 5.220e+01 0.000e+00 2.200e+00 3.760e+01 1.200e+00 5.600e+00
  4.068e+02 3.000e+01 0.000e+00 7.560e+01 4.200e+00]
 [3.000e+00 6.800e+00 0.000e+00 1.680e+01 3.224e+02 1.020e+01 5.980e+01
  2.200e+00 0.000e+00 6.100e+01 1.256e+02 3.600e+00]
 [6.600e+00 1.720e+01 0.000e+00 1.540e+01 1.892e+02 6.000e-01 3.000e+00
  5.320e+01 3.400e+00 0.000e+00 2.484e+02 1.200e+00]
 [1.360e+01 0.000e+00 0.000e+00 2.800e+00 2.168e+02 0.000e+00 6.300e+01
  7.200e+00 8.000e-01 2.000e-01 1.266e+02 2.102e+02]]
Total time elapsed: 2.4871s