Mean accuracy: 0.9830 (std=0.0035)
Mean F1 score: 0.9830 (std=0.0034)
Mean confusion matrix:
[[3.863e+03 9.400e+00 1.560e+01 3.400e+00 1.400e+00 3.200e+00 7.200e+00
  1.600e+00 2.000e+00 1.400e+00 3.600e+00 4.200e+00]
 [1.380e+01 5.894e+02 0.000e+00 1.600e+00 0.000e+00 2.440e+01 0.000e+00
  2.000e-01 6.000e-01 0.000e+00 1.600e+00 5.000e+00]
 [6.000e+00 0.000e+00 6.924e+02 0.000e+00 0.000e+00 0.000e+00 0.000e+00
  0.000e+00 0.000e+00 0.000e+00 0.000e+00 0.000e+00]
 [6.000e-01 8.000e-01 0.000e+00 6.096e+02 0.000e+00 2.000e-01 0.000e+00
  0.000e+00 2.000e-01 0.000e+00 2.400e+00 2.000e-01]
 [2.000e-01 0.000e+00 0.000e+00 0.000e+00 6.200e+02 0.000e+00 0.000e+00
  0.000e+00 0.000e+00 0.000e+00 0.000e+00 0.000e+00]
 [2.000e-01 2.400e+01 0.000e+00 2.000e-01 0.000e+00 5.852e+02 0.000e+00
  0.000e+00 2.000e-01 0.000e+00 0.000e+00 5.000e+00]
 [8.000e-01 0.000e+00 0.000e+00 0.000e+00 0.000e+00 0.000e+00 6.108e+02
  0.000e+00 0.000e+00 0.000e+00 0.000e+00 0.000e+00]
 [8.000e-01 0.000e+00 0.000e+00 0.000e+00 0.000e+00 0.000e+00 0.000e+00
  6.232e+02 6.800e+00 0.000e+00 0.000e+00 0.000e+00]
 [1.800e+00 2.000e-01 0.000e+00 2.000e-01 0.000e+00 0.000e+00 0.000e+00
  8.600e+00 6.128e+02 0.000e+00 0.000e+00 2.000e-01]
 [1.000e+00 0.000e+00 0.000e+00 0.000e+00 0.000e+00 2.000e-01 0.000e+00
  0.000e+00 0.000e+00 6.102e+02 0.000e+00 0.000e+00]
 [3.000e+00 1.200e+00 0.000e+00 6.000e-01 0.000e+00 0.000e+00 0.000e+00
  2.000e-01 0.000e+00 0.000e+00 5.308e+02 2.400e+00]
 [2.600e+00 4.400e+00 0.000e+00 2.000e-01 0.000e+00 4.200e+00 0.000e+00
  0.000e+00 8.000e-01 0.000e+00 1.800e+00 6.272e+02]]
Total time elapsed: 8847.2772s