Mean accuracy: 0.6112 (std=0.031)
Mean F1 score: 0.5747 (std=0.046)
Mean confusion matrix:
[[3.2868e+03 2.5800e+01 7.6400e+01 5.6000e+01 9.3800e+01 6.8600e+01
  5.9800e+01 2.5400e+01 7.3400e+01 4.8400e+01 1.2200e+01 8.9400e+01]
 [2.3780e+02 1.2940e+02 0.0000e+00 6.4400e+01 7.4000e+00 1.0760e+02
  9.4000e+00 3.2800e+01 3.2800e+01 5.0000e+00 9.4000e+00 6.0000e-01]
 [5.4400e+01 0.0000e+00 6.4380e+02 0.0000e+00 0.0000e+00 0.0000e+00
  0.0000e+00 2.0000e-01 0.0000e+00 0.0000e+00 0.0000e+00 0.0000e+00]
 [1.9020e+02 6.8000e+00 0.0000e+00 3.0020e+02 6.8000e+00 1.3400e+01
  1.2800e+01 3.8000e+00 3.2800e+01 2.0800e+01 0.0000e+00 2.6400e+01]
 [6.6400e+01 2.9600e+01 0.0000e+00 8.0000e-01 5.0920e+02 0.0000e+00
  4.6000e+00 5.2000e+00 2.4000e+00 1.8000e+00 2.0000e-01 0.0000e+00]
 [1.9960e+02 4.0800e+01 0.0000e+00 1.3720e+02 2.2000e+00 1.6840e+02
  1.8800e+01 2.3400e+01 1.9600e+01 2.0000e-01 4.2000e+00 4.0000e-01]
 [8.3000e+01 8.0000e-01 0.0000e+00 8.0000e+00 3.0000e+00 6.0000e+00
  4.9920e+02 0.0000e+00 7.6000e+00 3.4000e+00 0.0000e+00 6.0000e-01]
 [2.8680e+02 2.3400e+01 0.0000e+00 9.7000e+01 0.0000e+00 1.8200e+01
  1.0800e+01 8.1000e+01 7.0600e+01 3.1000e+01 1.2000e+01 0.0000e+00]
 [2.8760e+02 1.2200e+01 0.0000e+00 1.1960e+02 0.0000e+00 1.6600e+01
  1.8200e+01 3.1000e+01 9.6400e+01 1.8000e+01 1.7400e+01 6.8000e+00]
 [2.3400e+02 4.0000e-01 0.0000e+00 5.7200e+01 5.0000e+00 1.6000e+00
  1.0800e+01 1.5400e+01 1.7600e+01 2.6440e+02 3.8000e+00 1.2000e+00]
 [2.2380e+02 2.1400e+01 0.0000e+00 9.4800e+01 2.0000e-01 2.5800e+01
  5.6000e+00 1.9200e+01 4.2000e+01 2.6000e+01 7.6600e+01 2.8000e+00]
 [1.1420e+02 0.0000e+00 0.0000e+00 3.2000e+00 0.0000e+00 0.0000e+00
  0.0000e+00 0.0000e+00 4.2000e+00 0.0000e+00 0.0000e+00 5.1960e+02]]
Total time elapsed: 224041.9034s