Mean accuracy: 0.9874 (std=0.0003)
Mean F1 score: 0.9874 (std=0.0003)
Mean confusion matrix:
[[3.9052e+03 2.0000e-01 2.2000e+00 1.6000e+00 8.0000e-01 0.0000e+00
  2.6000e+00 1.0000e+00 2.0000e-01 1.2000e+00 8.0000e-01 2.0000e-01]
 [1.3000e+01 5.9420e+02 0.0000e+00 1.0000e+00 0.0000e+00 2.1000e+01
  0.0000e+00 0.0000e+00 0.0000e+00 0.0000e+00 1.4000e+00 6.0000e+00]
 [4.2000e+00 0.0000e+00 6.9420e+02 0.0000e+00 0.0000e+00 0.0000e+00
  0.0000e+00 0.0000e+00 0.0000e+00 0.0000e+00 0.0000e+00 0.0000e+00]
 [1.2000e+00 2.2000e+00 0.0000e+00 6.0820e+02 0.0000e+00 0.0000e+00
  0.0000e+00 0.0000e+00 4.0000e-01 2.0000e-01 1.4000e+00 4.0000e-01]
 [1.4000e+00 0.0000e+00 0.0000e+00 0.0000e+00 6.1860e+02 0.0000e+00
  0.0000e+00 0.0000e+00 2.0000e-01 0.0000e+00 0.0000e+00 0.0000e+00]
 [6.0000e-01 2.0000e+01 0.0000e+00 4.0000e-01 0.0000e+00 5.8960e+02
  0.0000e+00 0.0000e+00 0.0000e+00 0.0000e+00 0.0000e+00 4.2000e+00]
 [1.6000e+00 0.0000e+00 0.0000e+00 0.0000e+00 0.0000e+00 0.0000e+00
  6.1000e+02 0.0000e+00 0.0000e+00 0.0000e+00 0.0000e+00 0.0000e+00]
 [1.2000e+00 2.0000e-01 0.0000e+00 0.0000e+00 0.0000e+00 0.0000e+00
  0.0000e+00 6.2340e+02 6.0000e+00 0.0000e+00 0.0000e+00 0.0000e+00]
 [1.0000e+00 4.0000e-01 0.0000e+00 0.0000e+00 0.0000e+00 2.0000e-01
  0.0000e+00 1.0000e+01 6.1140e+02 0.0000e+00 0.0000e+00 8.0000e-01]
 [1.2000e+00 2.0000e-01 0.0000e+00 0.0000e+00 0.0000e+00 2.0000e-01
  0.0000e+00 0.0000e+00 0.0000e+00 6.0980e+02 0.0000e+00 0.0000e+00]
 [1.4000e+00 2.0000e+00 0.0000e+00 2.0000e-01 0.0000e+00 0.0000e+00
  0.0000e+00 0.0000e+00 0.0000e+00 0.0000e+00 5.2980e+02 4.8000e+00]
 [6.2000e+00 3.8000e+00 0.0000e+00 0.0000e+00 0.0000e+00 2.8000e+00
  0.0000e+00 0.0000e+00 0.0000e+00 0.0000e+00 1.2000e+00 6.2720e+02]]
Total time elapsed: 2364.1036s