Mean accuracy: 0.926 (std=0.002)
Mean F1 score: 0.926 (std=0.002)
Mean confusion matrix:
[[3.6942e+03 2.0000e+01 2.3200e+01 2.7600e+01 6.8000e+00 2.6000e+01
  1.9800e+01 1.5600e+01 2.3200e+01 1.9200e+01 1.7800e+01 2.2600e+01]
 [3.7000e+01 5.4140e+02 0.0000e+00 6.2000e+00 0.0000e+00 2.4600e+01
  0.0000e+00 2.2000e+00 1.6000e+00 4.0000e-01 7.2000e+00 1.6000e+01]
 [2.3800e+01 0.0000e+00 6.7380e+02 0.0000e+00 6.0000e-01 0.0000e+00
  0.0000e+00 0.0000e+00 0.0000e+00 2.0000e-01 0.0000e+00 0.0000e+00]
 [4.1600e+01 8.0000e+00 0.0000e+00 5.4020e+02 4.0000e-01 1.2000e+00
  0.0000e+00 1.4000e+00 2.2000e+00 0.0000e+00 1.2800e+01 6.2000e+00]
 [5.4000e+00 0.0000e+00 0.0000e+00 0.0000e+00 6.1140e+02 0.0000e+00
  0.0000e+00 1.4000e+00 6.0000e-01 6.0000e-01 0.0000e+00 8.0000e-01]
 [7.2000e+00 2.8200e+01 0.0000e+00 4.8000e+00 0.0000e+00 5.6220e+02
  0.0000e+00 0.0000e+00 4.0000e-01 1.8000e+00 1.6000e+00 8.6000e+00]
 [1.4000e+01 0.0000e+00 0.0000e+00 4.0000e-01 2.0000e-01 0.0000e+00
  5.9640e+02 0.0000e+00 0.0000e+00 6.0000e-01 0.0000e+00 0.0000e+00]
 [1.7600e+01 4.0000e-01 0.0000e+00 2.0000e+00 0.0000e+00 0.0000e+00
  0.0000e+00 5.9660e+02 1.3800e+01 4.0000e-01 0.0000e+00 0.0000e+00]
 [3.2800e+01 6.0000e-01 0.0000e+00 1.4000e+00 0.0000e+00 8.0000e-01
  0.0000e+00 2.0600e+01 5.6060e+02 1.6000e+00 2.4000e+00 3.0000e+00]
 [2.0800e+01 4.0000e-01 0.0000e+00 1.2000e+00 2.0000e-01 2.8000e+00
  4.0000e-01 2.2000e+00 1.0000e+00 5.7920e+02 2.0000e+00 1.2000e+00]
 [4.3000e+01 1.1000e+01 0.0000e+00 4.8000e+00 0.0000e+00 1.6000e+00
  0.0000e+00 1.0000e+00 2.0000e+00 2.0000e-01 4.5140e+02 2.3200e+01]
 [3.7400e+01 1.2400e+01 0.0000e+00 5.0000e+00 0.0000e+00 6.0000e+00
  0.0000e+00 6.0000e-01 2.2000e+00 4.0000e-01 1.8600e+01 5.5860e+02]]
