Mean accuracy: 0.9537 (std=0.0026)
Mean F1 score: 0.9537 (std=0.0026)
Mean confusion matrix:
[[3.8814e+03 1.3000e+01 6.8000e+00 3.8000e+00 0.0000e+00 1.4000e+00
  3.8000e+00 1.4000e+00 1.8000e+00 8.0000e-01 1.0000e+00 8.0000e-01]
 [1.3600e+01 5.1560e+02 0.0000e+00 1.6000e+00 0.0000e+00 8.2200e+01
  0.0000e+00 0.0000e+00 1.0000e+00 0.0000e+00 8.2000e+00 1.4400e+01]
 [7.6000e+00 0.0000e+00 6.9080e+02 0.0000e+00 0.0000e+00 0.0000e+00
  0.0000e+00 0.0000e+00 0.0000e+00 0.0000e+00 0.0000e+00 0.0000e+00]
 [1.4000e+00 2.6000e+00 0.0000e+00 5.9840e+02 0.0000e+00 1.8000e+00
  0.0000e+00 0.0000e+00 2.0000e-01 0.0000e+00 5.4000e+00 4.2000e+00]
 [2.0000e-01 0.0000e+00 0.0000e+00 0.0000e+00 6.2000e+02 0.0000e+00
  0.0000e+00 0.0000e+00 0.0000e+00 0.0000e+00 0.0000e+00 0.0000e+00]
 [1.2000e+00 1.1240e+02 0.0000e+00 1.8000e+00 0.0000e+00 4.8720e+02
  0.0000e+00 2.0000e-01 2.0000e-01 0.0000e+00 6.0000e-01 1.1200e+01]
 [4.0000e+00 0.0000e+00 0.0000e+00 0.0000e+00 0.0000e+00 0.0000e+00
  6.0760e+02 0.0000e+00 0.0000e+00 0.0000e+00 0.0000e+00 0.0000e+00]
 [1.0000e+00 0.0000e+00 0.0000e+00 4.0000e-01 0.0000e+00 0.0000e+00
  0.0000e+00 6.0900e+02 2.0400e+01 0.0000e+00 0.0000e+00 0.0000e+00]
 [0.0000e+00 1.4000e+00 0.0000e+00 2.0000e-01 0.0000e+00 0.0000e+00
  0.0000e+00 4.7400e+01 5.7160e+02 0.0000e+00 2.0000e-01 3.0000e+00]
 [8.0000e-01 0.0000e+00 0.0000e+00 2.0000e-01 0.0000e+00 0.0000e+00
  0.0000e+00 0.0000e+00 0.0000e+00 6.1040e+02 0.0000e+00 0.0000e+00]
 [1.2000e+00 8.8000e+00 0.0000e+00 8.8000e+00 0.0000e+00 2.0000e+00
  0.0000e+00 4.0000e-01 0.0000e+00 0.0000e+00 4.7500e+02 4.2000e+01]
 [4.4000e+00 1.0800e+01 0.0000e+00 3.8000e+00 0.0000e+00 7.8000e+00
  0.0000e+00 0.0000e+00 4.0000e-01 0.0000e+00 2.1600e+01 5.9240e+02]]
Total time elapsed: 6586.4536s