Mean accuracy: 0.986 (std=0.001)
Mean F1 score: 0.986 (std=0.001)
Mean confusion matrix:
[[3.888e+03 1.200e+00 4.600e+00 0.000e+00 2.000e-01 2.000e-01 1.540e+01
  8.000e-01 1.400e+00 1.200e+00 2.400e+00 6.000e-01]
 [1.600e+01 6.022e+02 0.000e+00 0.000e+00 0.000e+00 1.040e+01 0.000e+00
  0.000e+00 0.000e+00 0.000e+00 2.000e-01 7.800e+00]
 [7.200e+00 0.000e+00 6.912e+02 0.000e+00 0.000e+00 0.000e+00 0.000e+00
  0.000e+00 0.000e+00 0.000e+00 0.000e+00 0.000e+00]
 [8.200e+00 2.000e-01 0.000e+00 6.048e+02 0.000e+00 0.000e+00 0.000e+00
  0.000e+00 0.000e+00 0.000e+00 8.000e-01 0.000e+00]
 [8.000e-01 0.000e+00 0.000e+00 0.000e+00 6.194e+02 0.000e+00 0.000e+00
  0.000e+00 0.000e+00 0.000e+00 0.000e+00 0.000e+00]
 [4.000e-01 1.840e+01 0.000e+00 0.000e+00 0.000e+00 5.942e+02 0.000e+00
  0.000e+00 0.000e+00 0.000e+00 0.000e+00 1.800e+00]
 [6.600e+00 0.000e+00 0.000e+00 0.000e+00 0.000e+00 0.000e+00 6.050e+02
  0.000e+00 0.000e+00 0.000e+00 0.000e+00 0.000e+00]
 [3.400e+00 0.000e+00 0.000e+00 0.000e+00 0.000e+00 0.000e+00 0.000e+00
  6.258e+02 1.600e+00 0.000e+00 0.000e+00 0.000e+00]
 [4.600e+00 0.000e+00 0.000e+00 0.000e+00 0.000e+00 0.000e+00 0.000e+00
  4.600e+00 6.146e+02 0.000e+00 0.000e+00 0.000e+00]
 [0.000e+00 0.000e+00 0.000e+00 0.000e+00 0.000e+00 0.000e+00 0.000e+00
  0.000e+00 0.000e+00 6.114e+02 0.000e+00 0.000e+00]
 [8.800e+00 0.000e+00 0.000e+00 1.200e+00 0.000e+00 0.000e+00 0.000e+00
  0.000e+00 0.000e+00 0.000e+00 5.272e+02 1.000e+00]
 [6.800e+00 5.800e+00 0.000e+00 6.000e-01 0.000e+00 1.800e+00 0.000e+00
  0.000e+00 0.000e+00 0.000e+00 2.000e-01 6.260e+02]]
