Mean accuracy: 0.0715 (std=0.001)
Mean F1 score: 0.0302 (std=0.002)
Mean confusion matrix:
[[0.0000e+00 4.0000e-01 9.9800e+01 2.5400e+01 3.6734e+03 0.0000e+00
  1.4400e+01 4.8000e+00 1.2200e+01 1.7800e+01 6.7400e+01 4.0000e-01]
 [0.0000e+00 0.0000e+00 2.0000e-01 0.0000e+00 6.2260e+02 0.0000e+00
  0.0000e+00 0.0000e+00 1.4000e+00 0.0000e+00 1.2400e+01 0.0000e+00]
 [0.0000e+00 0.0000e+00 7.8200e+01 0.0000e+00 6.2020e+02 0.0000e+00
  0.0000e+00 0.0000e+00 0.0000e+00 0.0000e+00 0.0000e+00 0.0000e+00]
 [0.0000e+00 0.0000e+00 1.0000e+00 7.2000e+00 5.6920e+02 0.0000e+00
  0.0000e+00 0.0000e+00 2.0000e-01 0.0000e+00 3.6400e+01 0.0000e+00]
 [0.0000e+00 0.0000e+00 0.0000e+00 0.0000e+00 6.2020e+02 0.0000e+00
  0.0000e+00 0.0000e+00 0.0000e+00 0.0000e+00 0.0000e+00 0.0000e+00]
 [0.0000e+00 4.0000e-01 2.0000e-01 2.0000e-01 5.5700e+02 0.0000e+00
  4.0000e-01 2.0000e-01 1.4000e+01 0.0000e+00 4.2200e+01 2.0000e-01]
 [0.0000e+00 0.0000e+00 6.0000e-01 0.0000e+00 5.9220e+02 0.0000e+00
  1.4800e+01 0.0000e+00 2.0000e-01 0.0000e+00 3.4000e+00 4.0000e-01]
 [0.0000e+00 0.0000e+00 6.0000e-01 0.0000e+00 6.0080e+02 0.0000e+00
  2.0000e-01 2.4000e+00 1.3200e+01 0.0000e+00 1.3600e+01 0.0000e+00]
 [0.0000e+00 0.0000e+00 0.0000e+00 0.0000e+00 6.2100e+02 0.0000e+00
  0.0000e+00 0.0000e+00 1.8000e+00 0.0000e+00 1.0000e+00 0.0000e+00]
 [0.0000e+00 4.0000e-01 1.1800e+01 3.2600e+01 3.2540e+02 0.0000e+00
  0.0000e+00 4.0000e-01 1.0200e+01 4.4200e+01 1.8600e+02 4.0000e-01]
 [0.0000e+00 0.0000e+00 0.0000e+00 0.0000e+00 5.3800e+02 0.0000e+00
  0.0000e+00 0.0000e+00 0.0000e+00 0.0000e+00 2.0000e-01 0.0000e+00]
 [0.0000e+00 0.0000e+00 0.0000e+00 0.0000e+00 6.3840e+02 0.0000e+00
  0.0000e+00 0.0000e+00 0.0000e+00 0.0000e+00 2.8000e+00 0.0000e+00]]
Total time elapsed: 371.1691s