Mean accuracy: 0.9974 (std=0.001)
Mean F1 score: 0.9974 (std=0.001)
Mean confusion matrix:
[[3.905e+03 9.000e+00 1.000e+00 0.000e+00 0.000e+00 0.000e+00 4.000e-01
  0.000e+00 2.000e-01 4.000e-01 0.000e+00 0.000e+00]
 [1.160e+01 6.248e+02 0.000e+00 0.000e+00 0.000e+00 2.000e-01 0.000e+00
  0.000e+00 0.000e+00 0.000e+00 0.000e+00 0.000e+00]
 [1.800e+00 0.000e+00 6.966e+02 0.000e+00 0.000e+00 0.000e+00 0.000e+00
  0.000e+00 0.000e+00 0.000e+00 0.000e+00 0.000e+00]
 [2.000e-01 0.000e+00 0.000e+00 6.138e+02 0.000e+00 0.000e+00 0.000e+00
  0.000e+00 0.000e+00 0.000e+00 0.000e+00 0.000e+00]
 [0.000e+00 0.000e+00 0.000e+00 0.000e+00 6.202e+02 0.000e+00 0.000e+00
  0.000e+00 0.000e+00 0.000e+00 0.000e+00 0.000e+00]
 [0.000e+00 0.000e+00 0.000e+00 0.000e+00 0.000e+00 6.148e+02 0.000e+00
  0.000e+00 0.000e+00 0.000e+00 0.000e+00 0.000e+00]
 [8.000e-01 0.000e+00 0.000e+00 0.000e+00 0.000e+00 0.000e+00 6.108e+02
  0.000e+00 0.000e+00 0.000e+00 0.000e+00 0.000e+00]
 [0.000e+00 0.000e+00 0.000e+00 0.000e+00 0.000e+00 0.000e+00 0.000e+00
  6.304e+02 4.000e-01 0.000e+00 0.000e+00 0.000e+00]
 [0.000e+00 0.000e+00 0.000e+00 0.000e+00 0.000e+00 0.000e+00 0.000e+00
  8.000e-01 6.230e+02 0.000e+00 0.000e+00 0.000e+00]
 [1.000e+00 0.000e+00 0.000e+00 0.000e+00 0.000e+00 0.000e+00 0.000e+00
  0.000e+00 0.000e+00 6.104e+02 0.000e+00 0.000e+00]
 [2.000e-01 2.000e-01 0.000e+00 0.000e+00 0.000e+00 0.000e+00 0.000e+00
  0.000e+00 0.000e+00 0.000e+00 5.378e+02 0.000e+00]
 [0.000e+00 0.000e+00 0.000e+00 0.000e+00 0.000e+00 0.000e+00 0.000e+00
  0.000e+00 0.000e+00 0.000e+00 0.000e+00 6.412e+02]]
Total time elapsed: 3133.0502s