Mean accuracy: 0.5080 (std=0.004)
Mean F1 score: 0.5158 (std=0.004)
Mean confusion matrix:
[[1.881e+03 0.000e+00 3.854e+02 0.000e+00 1.888e+02 5.600e+00 2.844e+02
  7.482e+02 1.020e+01 1.328e+02 2.498e+02 2.980e+01]
 [3.220e+01 1.174e+02 0.000e+00 0.000e+00 0.000e+00 1.480e+01 0.000e+00
  1.782e+02 4.700e+01 1.740e+01 1.456e+02 8.400e+01]
 [8.000e-01 0.000e+00 6.976e+02 0.000e+00 0.000e+00 0.000e+00 0.000e+00
  0.000e+00 0.000e+00 0.000e+00 0.000e+00 0.000e+00]
 [7.600e+00 8.000e-01 0.000e+00 1.318e+02 0.000e+00 2.800e+00 4.000e-01
  1.662e+02 1.700e+01 7.040e+01 2.086e+02 8.400e+00]
 [1.980e+02 0.000e+00 0.000e+00 0.000e+00 4.202e+02 0.000e+00 0.000e+00
  8.000e-01 6.000e-01 6.000e-01 0.000e+00 0.000e+00]
 [2.220e+01 1.120e+01 0.000e+00 5.000e+00 4.000e-01 1.538e+02 0.000e+00
  1.588e+02 4.640e+01 1.040e+01 1.436e+02 6.300e+01]
 [1.760e+01 0.000e+00 0.000e+00 0.000e+00 0.000e+00 0.000e+00 5.940e+02
  0.000e+00 0.000e+00 0.000e+00 0.000e+00 0.000e+00]
 [2.400e+01 3.680e+01 0.000e+00 0.000e+00 2.000e-01 1.320e+01 0.000e+00
  4.832e+02 4.560e+01 3.200e+00 1.300e+01 1.160e+01]
 [1.880e+01 1.220e+01 0.000e+00 0.000e+00 0.000e+00 2.720e+01 0.000e+00
  3.078e+02 2.014e+02 1.260e+01 9.200e+00 3.460e+01]
 [7.320e+01 0.000e+00 0.000e+00 1.600e+00 6.000e-01 4.200e+00 0.000e+00
  1.322e+02 4.000e-01 2.684e+02 1.308e+02 0.000e+00]
 [3.960e+01 1.800e+00 0.000e+00 0.000e+00 2.000e-01 0.000e+00 0.000e+00
  9.880e+01 2.780e+01 3.800e+00 3.206e+02 4.560e+01]
 [4.700e+01 1.800e+00 0.000e+00 2.000e-01 2.000e-01 2.540e+01 0.000e+00
  1.640e+02 5.500e+01 4.200e+00 1.478e+02 1.956e+02]]
Total time elapsed: 2.4535s