Mean accuracy: 0.9804 (std=0.0021)
Mean F1 score: 0.9803 (std=0.0022)
Mean confusion matrix:
[[3.905e+03 0.000e+00 3.600e+00 0.000e+00 0.000e+00 0.000e+00 5.800e+00
  4.000e-01 2.000e-01 6.000e-01 2.000e-01 2.000e-01]
 [3.300e+01 5.798e+02 0.000e+00 0.000e+00 0.000e+00 1.520e+01 0.000e+00
  0.000e+00 6.000e-01 0.000e+00 2.000e-01 7.800e+00]
 [5.800e+00 0.000e+00 6.926e+02 0.000e+00 0.000e+00 0.000e+00 0.000e+00
  0.000e+00 0.000e+00 0.000e+00 0.000e+00 0.000e+00]
 [1.300e+01 0.000e+00 0.000e+00 6.004e+02 0.000e+00 0.000e+00 0.000e+00
  0.000e+00 2.000e-01 0.000e+00 4.000e-01 0.000e+00]
 [1.000e+00 0.000e+00 0.000e+00 0.000e+00 6.192e+02 0.000e+00 0.000e+00
  0.000e+00 0.000e+00 0.000e+00 0.000e+00 0.000e+00]
 [1.160e+01 8.000e+00 0.000e+00 2.000e-01 0.000e+00 5.914e+02 0.000e+00
  0.000e+00 0.000e+00 0.000e+00 0.000e+00 3.600e+00]
 [1.400e+00 0.000e+00 0.000e+00 0.000e+00 0.000e+00 0.000e+00 6.102e+02
  0.000e+00 0.000e+00 0.000e+00 0.000e+00 0.000e+00]
 [1.180e+01 0.000e+00 0.000e+00 0.000e+00 0.000e+00 0.000e+00 0.000e+00
  6.138e+02 5.200e+00 0.000e+00 0.000e+00 0.000e+00]
 [1.460e+01 0.000e+00 0.000e+00 0.000e+00 0.000e+00 0.000e+00 0.000e+00
  3.400e+00 6.056e+02 0.000e+00 0.000e+00 2.000e-01]
 [1.000e+00 0.000e+00 0.000e+00 0.000e+00 0.000e+00 0.000e+00 0.000e+00
  0.000e+00 0.000e+00 6.104e+02 0.000e+00 0.000e+00]
 [2.120e+01 0.000e+00 0.000e+00 1.400e+00 0.000e+00 0.000e+00 0.000e+00
  0.000e+00 0.000e+00 0.000e+00 5.128e+02 2.800e+00]
 [3.180e+01 2.000e+00 0.000e+00 8.000e-01 0.000e+00 1.400e+00 0.000e+00
  0.000e+00 4.000e-01 0.000e+00 0.000e+00 6.048e+02]]
Total time elapsed: 2966.6066s