Mean accuracy: 0.8198 (std=0.003)
Mean F1 score: 0.8152 (std=0.003)
Mean confusion matrix:
[[3.6144e+03 3.2000e+00 4.9600e+01 2.6000e+01 4.6400e+01 1.0200e+01
  6.5200e+01 3.3400e+01 1.5600e+01 2.8800e+01 5.2000e+00 1.8000e+01]
 [9.7800e+01 3.5760e+02 0.0000e+00 9.2000e+00 0.0000e+00 9.6800e+01
  0.0000e+00 8.4000e+00 2.0000e+01 1.4000e+00 1.3000e+01 3.2400e+01]
 [5.5400e+01 0.0000e+00 6.4280e+02 0.0000e+00 0.0000e+00 0.0000e+00
  0.0000e+00 0.0000e+00 0.0000e+00 2.0000e-01 0.0000e+00 0.0000e+00]
 [1.3160e+02 1.6600e+01 0.0000e+00 3.8840e+02 2.2000e+00 1.1600e+01
  1.6000e+00 1.0000e+01 1.8400e+01 2.2000e+00 1.6000e+01 1.5400e+01]
 [3.3600e+01 0.0000e+00 2.0000e-01 0.0000e+00 5.8560e+02 2.0000e-01
  0.0000e+00 4.0000e-01 0.0000e+00 2.0000e-01 0.0000e+00 0.0000e+00]
 [7.9200e+01 4.6200e+01 0.0000e+00 1.5000e+01 4.0000e-01 4.3660e+02
  0.0000e+00 3.0000e+00 6.0000e+00 5.8000e+00 4.4000e+00 1.8200e+01]
 [2.0400e+01 0.0000e+00 0.0000e+00 0.0000e+00 0.0000e+00 0.0000e+00
  5.9120e+02 0.0000e+00 0.0000e+00 0.0000e+00 0.0000e+00 0.0000e+00]
 [8.6400e+01 1.2000e+00 0.0000e+00 6.0000e-01 0.0000e+00 1.6000e+00
  0.0000e+00 4.8160e+02 5.7800e+01 6.0000e-01 4.0000e-01 6.0000e-01]
 [7.9400e+01 4.2000e+00 6.0000e-01 0.0000e+00 2.0000e-01 4.8000e+00
  0.0000e+00 8.4200e+01 4.3680e+02 1.0000e+00 2.4000e+00 1.0200e+01]
 [8.5600e+01 2.0000e-01 1.0000e+00 6.0000e-01 8.0000e-01 7.4000e+00
  0.0000e+00 2.0000e-01 1.0000e+00 5.1260e+02 6.0000e-01 1.4000e+00]
 [1.1020e+02 1.7800e+01 2.0000e-01 3.4000e+00 8.0000e-01 2.8000e+00
  0.0000e+00 3.4000e+00 8.2000e+00 2.0000e+00 3.3160e+02 5.7800e+01]
 [1.1760e+02 4.0000e+00 0.0000e+00 3.8000e+00 0.0000e+00 1.7200e+01
  0.0000e+00 4.2000e+00 8.8000e+00 6.0000e-01 4.6000e+01 4.3900e+02]]
Total time elapsed: 3.8549s