Mean accuracy: 0.9941 (std=0.003)
Mean F1 score: 0.9941 (std=0.003)
Mean confusion matrix:
[[3.9034e+03 2.0000e+00 3.4000e+00 8.0000e-01 4.0000e-01 2.0000e-01
  8.0000e-01 2.0000e-01 4.0000e-01 1.0000e+00 1.2000e+00 2.2000e+00]
 [9.8000e+00 6.1560e+02 0.0000e+00 0.0000e+00 0.0000e+00 6.8000e+00
  0.0000e+00 2.0000e-01 1.0000e+00 2.0000e-01 3.0000e+00 0.0000e+00]
 [3.2000e+00 0.0000e+00 6.9520e+02 0.0000e+00 0.0000e+00 0.0000e+00
  0.0000e+00 0.0000e+00 0.0000e+00 0.0000e+00 0.0000e+00 0.0000e+00]
 [1.0000e+00 8.0000e-01 0.0000e+00 6.1180e+02 0.0000e+00 0.0000e+00
  0.0000e+00 0.0000e+00 0.0000e+00 2.0000e-01 2.0000e-01 0.0000e+00]
 [6.0000e-01 0.0000e+00 0.0000e+00 0.0000e+00 6.1920e+02 0.0000e+00
  0.0000e+00 0.0000e+00 0.0000e+00 0.0000e+00 4.0000e-01 0.0000e+00]
 [4.0000e-01 5.2000e+00 0.0000e+00 0.0000e+00 0.0000e+00 6.0800e+02
  0.0000e+00 2.0000e-01 6.0000e-01 2.0000e-01 2.0000e-01 0.0000e+00]
 [1.2000e+00 2.0000e-01 0.0000e+00 2.0000e-01 0.0000e+00 0.0000e+00
  6.1000e+02 0.0000e+00 0.0000e+00 0.0000e+00 0.0000e+00 0.0000e+00]
 [6.0000e-01 0.0000e+00 0.0000e+00 0.0000e+00 2.0000e-01 2.0000e-01
  0.0000e+00 6.2740e+02 2.2000e+00 0.0000e+00 2.0000e-01 0.0000e+00]
 [4.0000e-01 1.4000e+00 0.0000e+00 0.0000e+00 0.0000e+00 4.0000e-01
  0.0000e+00 2.4000e+00 6.1840e+02 4.0000e-01 4.0000e-01 0.0000e+00]
 [1.4000e+00 0.0000e+00 0.0000e+00 4.0000e-01 0.0000e+00 4.0000e-01
  0.0000e+00 0.0000e+00 4.0000e-01 6.0820e+02 6.0000e-01 0.0000e+00]
 [6.0000e-01 1.0000e+00 0.0000e+00 0.0000e+00 0.0000e+00 4.0000e-01
  0.0000e+00 2.0000e-01 4.0000e-01 0.0000e+00 5.3560e+02 0.0000e+00]
 [4.0000e-01 2.0000e-01 0.0000e+00 0.0000e+00 0.0000e+00 0.0000e+00
  0.0000e+00 0.0000e+00 0.0000e+00 0.0000e+00 0.0000e+00 6.4060e+02]]
Total time elapsed: 150055.2990s