Mean accuracy: 0.7544 (std=0.006)
Mean F1 score: 0.7515 (std=0.006)
Mean confusion matrix:
[[3.760e+01 4.000e+00 2.340e+01 2.400e+00 2.600e+00 5.000e+00 8.000e-01
  0.000e+00 7.400e+00 1.280e+01 0.000e+00]
 [4.800e+00 6.260e+01 5.000e+00 9.400e+00 1.000e+00 3.800e+00 8.000e-01
  0.000e+00 4.400e+00 3.200e+00 1.000e+00]
 [2.520e+01 3.200e+00 3.800e+01 2.000e+00 2.600e+00 4.200e+00 6.000e-01
  0.000e+00 5.800e+00 1.420e+01 2.000e-01]
 [2.600e+00 8.200e+00 1.400e+00 6.660e+01 0.000e+00 4.400e+00 1.400e+00
  0.000e+00 1.080e+01 0.000e+00 6.000e-01]
 [6.000e-01 0.000e+00 6.000e-01 0.000e+00 8.360e+01 6.000e-01 1.600e+00
  1.000e+00 8.000e-01 4.800e+00 2.400e+00]
 [7.000e+00 2.800e+00 6.000e+00 3.800e+00 1.200e+00 4.300e+01 1.140e+01
  0.000e+00 9.400e+00 4.600e+00 6.800e+00]
 [2.000e-01 8.000e-01 1.200e+00 6.000e-01 2.200e+00 1.200e+01 7.620e+01
  0.000e+00 1.400e+00 8.000e-01 6.000e-01]
 [0.000e+00 0.000e+00 0.000e+00 0.000e+00 1.800e+00 0.000e+00 0.000e+00
  9.320e+01 0.000e+00 6.000e-01 4.000e-01]
 [5.200e+00 2.600e+00 4.800e+00 8.200e+00 4.000e-01 7.400e+00 1.200e+00
  0.000e+00 2.530e+02 8.000e-01 4.400e+00]
 [1.040e+01 1.600e+00 1.460e+01 4.000e-01 7.200e+00 4.600e+00 4.000e-01
  1.000e+00 2.800e+00 5.240e+01 6.000e-01]
 [0.000e+00 2.000e-01 0.000e+00 0.000e+00 1.200e+00 1.600e+00 4.000e-01
  2.000e-01 4.000e+00 2.000e-01 2.802e+02]]
Total time elapsed: 711.7250s