Mean accuracy: 0.3786 (std=0.013)
Mean F1 score: 0.3090 (std=0.011)
Mean confusion matrix:
[[ 29.4   0.    0.    0.    0.    0.    0.    0.    0.   66.6   0. ]
 [ 19.6  21.8   0.    0.    0.    0.    0.4   0.    0.   54.2   0. ]
 [ 30.4   0.    0.6   0.    0.    1.    0.    0.    0.   64.    0. ]
 [  0.    0.    0.   86.    0.    0.    0.   10.    0.    0.    0. ]
 [  0.    0.    0.    0.   77.4   0.    0.   18.6   0.    0.    0. ]
 [ 36.    0.    0.    0.    0.   16.6   0.    0.    0.   43.4   0. ]
 [  0.    0.    0.    0.4   0.    0.   71.6  24.    0.    0.    0. ]
 [  0.    0.    0.    0.    0.    0.    0.   96.    0.    0.    0. ]
 [145.    0.    0.   78.8   0.   13.2   0.    0.   49.8   1.2   0. ]
 [  0.    0.    0.    0.    0.    0.    0.    0.    0.   96.    0. ]
 [  4.2  18.4   0.   18.2   7.2   5.8  72.  118.6   4.8  38.8   0. ]]
Total time elapsed: 73.9089s