Mean accuracy: 0.9844 (std=0.004)
Mean F1 score: 0.9842 (std=0.004)
Mean confusion matrix:
[[9.460e+01 0.000e+00 1.400e+00 0.000e+00 0.000e+00 0.000e+00 0.000e+00
  0.000e+00 0.000e+00 0.000e+00 0.000e+00]
 [0.000e+00 9.260e+01 1.600e+00 0.000e+00 0.000e+00 2.000e-01 4.000e-01
  0.000e+00 2.000e-01 0.000e+00 1.000e+00]
 [8.400e+00 1.000e+00 8.460e+01 0.000e+00 0.000e+00 0.000e+00 0.000e+00
  0.000e+00 2.000e+00 0.000e+00 0.000e+00]
 [0.000e+00 0.000e+00 0.000e+00 9.600e+01 0.000e+00 0.000e+00 0.000e+00
  0.000e+00 0.000e+00 0.000e+00 0.000e+00]
 [0.000e+00 0.000e+00 0.000e+00 0.000e+00 9.600e+01 0.000e+00 0.000e+00
  0.000e+00 0.000e+00 0.000e+00 0.000e+00]
 [0.000e+00 2.000e+00 2.000e-01 0.000e+00 0.000e+00 9.040e+01 2.000e-01
  0.000e+00 2.400e+00 0.000e+00 8.000e-01]
 [0.000e+00 0.000e+00 0.000e+00 0.000e+00 0.000e+00 0.000e+00 9.600e+01
  0.000e+00 0.000e+00 0.000e+00 0.000e+00]
 [0.000e+00 0.000e+00 0.000e+00 0.000e+00 0.000e+00 0.000e+00 0.000e+00
  9.600e+01 0.000e+00 0.000e+00 0.000e+00]
 [0.000e+00 0.000e+00 2.000e-01 0.000e+00 0.000e+00 0.000e+00 0.000e+00
  0.000e+00 2.878e+02 0.000e+00 0.000e+00]
 [0.000e+00 0.000e+00 0.000e+00 0.000e+00 0.000e+00 4.000e-01 0.000e+00
  0.000e+00 0.000e+00 9.560e+01 0.000e+00]
 [0.000e+00 0.000e+00 0.000e+00 0.000e+00 0.000e+00 0.000e+00 0.000e+00
  0.000e+00 0.000e+00 0.000e+00 2.880e+02]]
Total time elapsed: 1961.8362s