Mean accuracy: 0.9918 (std=0.0033)
Mean F1 score: 0.9918 (std=0.0033)
Mean confusion matrix:
[[9.320e+01 0.000e+00 2.000e+00 0.000e+00 0.000e+00 0.000e+00 0.000e+00
  0.000e+00 8.000e-01 0.000e+00 0.000e+00]
 [2.000e-01 9.480e+01 1.000e+00 0.000e+00 0.000e+00 0.000e+00 0.000e+00
  0.000e+00 0.000e+00 0.000e+00 0.000e+00]
 [3.000e+00 0.000e+00 9.080e+01 0.000e+00 0.000e+00 2.000e-01 0.000e+00
  0.000e+00 2.000e+00 0.000e+00 0.000e+00]
 [0.000e+00 0.000e+00 0.000e+00 9.600e+01 0.000e+00 0.000e+00 0.000e+00
  0.000e+00 0.000e+00 0.000e+00 0.000e+00]
 [0.000e+00 0.000e+00 0.000e+00 0.000e+00 9.600e+01 0.000e+00 0.000e+00
  0.000e+00 0.000e+00 0.000e+00 0.000e+00]
 [0.000e+00 0.000e+00 6.000e-01 0.000e+00 0.000e+00 9.540e+01 0.000e+00
  0.000e+00 0.000e+00 0.000e+00 0.000e+00]
 [0.000e+00 0.000e+00 0.000e+00 0.000e+00 0.000e+00 0.000e+00 9.600e+01
  0.000e+00 0.000e+00 0.000e+00 0.000e+00]
 [0.000e+00 0.000e+00 0.000e+00 0.000e+00 0.000e+00 0.000e+00 0.000e+00
  9.600e+01 0.000e+00 0.000e+00 0.000e+00]
 [1.400e+00 0.000e+00 2.000e-01 0.000e+00 0.000e+00 2.000e-01 0.000e+00
  0.000e+00 2.862e+02 0.000e+00 0.000e+00]
 [0.000e+00 0.000e+00 0.000e+00 0.000e+00 0.000e+00 0.000e+00 0.000e+00
  0.000e+00 0.000e+00 9.600e+01 0.000e+00]
 [0.000e+00 0.000e+00 0.000e+00 0.000e+00 0.000e+00 2.000e-01 0.000e+00
  0.000e+00 0.000e+00 0.000e+00 2.878e+02]]
Total time elapsed: 754.2407s