Mean accuracy: 0.4564 (std=0.0101)
Mean F1 score: 0.4270 (std=0.0119)
Mean confusion matrix:
[[  4.   27.6  16.8   0.    0.    0.    0.    0.    0.   47.6   0. ]
 [  0.2  90.6   3.8   0.    0.    0.    0.    0.    0.    1.4   0. ]
 [  0.4  17.   77.    0.    0.    0.    0.    0.    0.    1.6   0. ]
 [  0.4   0.8   0.6   1.8   0.    0.2  55.4   0.6  21.    0.   15.2]
 [  0.2   3.    1.4   0.   32.4   2.6   0.    0.    0.   56.4   0. ]
 [  0.   13.2   8.    0.    0.   34.8   0.    0.    0.   40.    0. ]
 [  4.6  10.8  11.4   0.    0.   10.6  58.4   0.    0.2   0.    0. ]
 [  9.2  22.6   5.4   0.    0.4  11.8   0.    2.6   0.    1.2  42.8]
 [ 15.2   7.   35.4   0.    2.   23.4   0.    0.  152.2  35.4  17.4]
 [  0.   13.4   0.    0.    0.    0.    0.    0.    0.   82.6   0. ]
 [  2.8  37.   16.8   0.    0.   57.2   0.    0.   19.8  33.6 120.8]]
Total time elapsed: 122.8665s