Mean accuracy: 0.7783 (std=0.012)
Mean F1 score: 0.7756 (std=0.012)
Mean confusion matrix:
[[6.380e+01 4.400e+00 2.600e+01 0.000e+00 0.000e+00 8.000e-01 0.000e+00
  0.000e+00 0.000e+00 1.000e+00 0.000e+00]
 [7.200e+00 4.500e+01 1.160e+01 0.000e+00 2.000e-01 7.800e+00 0.000e+00
  0.000e+00 2.600e+00 2.120e+01 4.000e-01]
 [4.400e+00 3.400e+00 5.980e+01 0.000e+00 0.000e+00 0.000e+00 0.000e+00
  0.000e+00 1.600e+00 2.660e+01 2.000e-01]
 [0.000e+00 0.000e+00 0.000e+00 9.320e+01 0.000e+00 0.000e+00 2.000e-01
  2.000e-01 2.400e+00 0.000e+00 0.000e+00]
 [0.000e+00 0.000e+00 0.000e+00 0.000e+00 5.800e+01 2.800e+00 2.000e-01
  0.000e+00 4.200e+00 0.000e+00 3.080e+01]
 [1.400e+01 8.600e+00 3.800e+00 0.000e+00 2.000e-01 6.720e+01 0.000e+00
  0.000e+00 6.000e-01 1.400e+00 2.000e-01]
 [0.000e+00 0.000e+00 0.000e+00 6.000e-01 2.400e+00 0.000e+00 8.680e+01
  0.000e+00 4.600e+00 0.000e+00 1.600e+00]
 [0.000e+00 0.000e+00 0.000e+00 6.800e+00 0.000e+00 0.000e+00 8.000e-01
  8.320e+01 2.000e-01 0.000e+00 5.000e+00]
 [1.040e+01 0.000e+00 0.000e+00 1.000e+01 1.200e+00 3.400e+00 1.200e+00
  0.000e+00 2.374e+02 0.000e+00 2.440e+01]
 [4.000e-01 0.000e+00 1.000e+00 0.000e+00 0.000e+00 2.000e-01 0.000e+00
  0.000e+00 0.000e+00 9.440e+01 0.000e+00]
 [1.000e+00 0.000e+00 0.000e+00 8.000e-01 7.200e+00 4.800e+00 8.000e-01
  4.000e-01 4.100e+01 0.000e+00 2.320e+02]]
Total time elapsed: 5443.0858s