Mean accuracy: 0.2494 (std=0.004)
Mean F1 score: 0.2107 (std=0.006)
Mean confusion matrix:
[[  9.6   2.4   0.    0.    0.2   0.2   0.2   1.   46.8   0.6  35. ]
 [  1.2  16.4   0.4   0.    0.    3.    1.2   0.4  45.    0.2  28.2]
 [  0.4   0.8   6.    0.8   0.8   1.6   0.6   0.4  44.6   0.8  39.2]
 [  1.4   2.8   0.6  14.8   9.    4.2   4.6  10.   23.2   3.   22.4]
 [  1.2   1.4   1.    5.4   6.6   1.4   2.    6.4  31.8   0.6  38.2]
 [  2.2   0.2   0.4   0.8   2.6   3.8   3.4   2.   28.8   1.   50.8]
 [  1.2   1.2   0.    4.8   4.8   2.8   7.2   6.   31.    0.4  36.6]
 [  3.8   3.4   2.    6.8   5.2   1.6   3.2  13.8  23.8   1.6  30.8]
 [  5.   10.4   4.   16.4   8.6   3.    3.   11.  139.2   2.6  84.8]
 [  2.2   1.2   0.8   0.6   1.    2.    1.4   0.2  49.2   2.6  34.8]
 [  3.4   5.2   1.6   9.4  11.4   6.6   7.8  16.2  85.    2.2 139.2]]
Total time elapsed: 1.2232s