Mean accuracy: 0.6261 (std=0.007)
Mean F1 score: 0.6161 (std=0.006)
Mean confusion matrix:
[[3.760e+01 1.900e+01 1.460e+01 0.000e+00 0.000e+00 6.200e+00 0.000e+00
  0.000e+00 0.000e+00 1.860e+01 0.000e+00]
 [9.200e+00 2.640e+01 1.260e+01 0.000e+00 4.000e-01 1.560e+01 0.000e+00
  0.000e+00 1.200e+00 2.880e+01 1.800e+00]
 [1.160e+01 7.800e+00 2.660e+01 0.000e+00 2.000e-01 3.000e+00 0.000e+00
  0.000e+00 2.000e-01 4.500e+01 1.600e+00]
 [0.000e+00 0.000e+00 0.000e+00 9.600e+01 0.000e+00 0.000e+00 0.000e+00
  0.000e+00 0.000e+00 0.000e+00 0.000e+00]
 [0.000e+00 0.000e+00 0.000e+00 0.000e+00 2.100e+01 0.000e+00 0.000e+00
  0.000e+00 2.400e+00 0.000e+00 7.260e+01]
 [1.460e+01 2.200e+01 5.600e+00 0.000e+00 0.000e+00 4.900e+01 0.000e+00
  0.000e+00 0.000e+00 4.400e+00 4.000e-01]
 [0.000e+00 0.000e+00 0.000e+00 0.000e+00 1.000e+00 0.000e+00 7.940e+01
  0.000e+00 4.400e+00 0.000e+00 1.120e+01]
 [0.000e+00 0.000e+00 0.000e+00 0.000e+00 0.000e+00 0.000e+00 1.200e+00
  9.280e+01 2.000e+00 0.000e+00 0.000e+00]
 [5.600e+00 6.200e+00 1.200e+00 0.000e+00 1.280e+01 1.320e+01 1.340e+01
  9.800e+00 1.594e+02 0.000e+00 6.640e+01]
 [1.060e+01 3.600e+00 1.140e+01 0.000e+00 0.000e+00 2.000e-01 0.000e+00
  0.000e+00 0.000e+00 7.020e+01 0.000e+00]
 [1.000e+00 6.000e-01 2.000e-01 0.000e+00 1.280e+01 3.600e+00 4.200e+00
  1.200e+00 2.120e+01 0.000e+00 2.432e+02]]
Total time elapsed: 41.3083s