Mean accuracy: 1.0000 (std=0.000)
Mean F1 score: 1.0000 (std=0.000)
Mean confusion matrix:
[[ 96.   0.   0.   0.   0.   0.   0.   0.   0.   0.   0.]
 [  0.  96.   0.   0.   0.   0.   0.   0.   0.   0.   0.]
 [  0.   0.  96.   0.   0.   0.   0.   0.   0.   0.   0.]
 [  0.   0.   0.  96.   0.   0.   0.   0.   0.   0.   0.]
 [  0.   0.   0.   0.  96.   0.   0.   0.   0.   0.   0.]
 [  0.   0.   0.   0.   0.  96.   0.   0.   0.   0.   0.]
 [  0.   0.   0.   0.   0.   0.  96.   0.   0.   0.   0.]
 [  0.   0.   0.   0.   0.   0.   0.  96.   0.   0.   0.]
 [  0.   0.   0.   0.   0.   0.   0.   0. 288.   0.   0.]
 [  0.   0.   0.   0.   0.   0.   0.   0.   0.  96.   0.]
 [  0.   0.   0.   0.   0.   0.   0.   0.   0.   0. 288.]]
Total time elapsed: 21818.6986s