Mean accuracy: 0.6017 (std=0.013)
Mean F1 score: 0.5443 (std=0.019)
Mean confusion matrix:
[[2.240e+01 1.000e+00 5.800e+00 0.000e+00 0.000e+00 1.000e+00 0.000e+00
  0.000e+00 0.000e+00 4.000e-01 6.540e+01]
 [0.000e+00 1.380e+01 3.400e+00 0.000e+00 0.000e+00 6.000e-01 0.000e+00
  0.000e+00 2.000e-01 2.880e+01 4.920e+01]
 [6.000e-01 4.000e+00 5.500e+01 0.000e+00 0.000e+00 6.000e-01 0.000e+00
  0.000e+00 8.000e-01 2.400e+01 1.100e+01]
 [0.000e+00 0.000e+00 0.000e+00 9.600e+01 0.000e+00 0.000e+00 0.000e+00
  0.000e+00 0.000e+00 0.000e+00 0.000e+00]
 [0.000e+00 0.000e+00 0.000e+00 0.000e+00 6.400e+00 0.000e+00 0.000e+00
  0.000e+00 2.000e+01 0.000e+00 6.960e+01]
 [2.000e-01 1.000e+00 8.000e-01 0.000e+00 0.000e+00 1.920e+01 0.000e+00
  0.000e+00 0.000e+00 8.000e+00 6.680e+01]
 [0.000e+00 0.000e+00 0.000e+00 0.000e+00 0.000e+00 0.000e+00 4.400e+00
  0.000e+00 8.980e+01 0.000e+00 1.800e+00]
 [0.000e+00 0.000e+00 0.000e+00 0.000e+00 0.000e+00 0.000e+00 0.000e+00
  6.380e+01 3.220e+01 0.000e+00 0.000e+00]
 [0.000e+00 0.000e+00 0.000e+00 0.000e+00 0.000e+00 0.000e+00 0.000e+00
  0.000e+00 2.106e+02 0.000e+00 7.740e+01]
 [0.000e+00 2.000e-01 1.200e+00 0.000e+00 0.000e+00 0.000e+00 0.000e+00
  0.000e+00 0.000e+00 9.420e+01 4.000e-01]
 [0.000e+00 0.000e+00 0.000e+00 0.000e+00 0.000e+00 0.000e+00 0.000e+00
  0.000e+00 7.400e+00 0.000e+00 2.806e+02]]
Total time elapsed: 44.0817s