Mean accuracy: 0.9960 (std=0.002)
Mean F1 score: 0.9960 (std=0.002)
Mean confusion matrix:
[[9.580e+01 0.000e+00 2.000e-01 0.000e+00 0.000e+00 0.000e+00 0.000e+00
  0.000e+00 0.000e+00 0.000e+00 0.000e+00]
 [2.000e-01 9.300e+01 1.200e+00 0.000e+00 0.000e+00 4.000e-01 0.000e+00
  0.000e+00 2.000e-01 6.000e-01 4.000e-01]
 [8.000e-01 2.000e-01 9.460e+01 0.000e+00 0.000e+00 0.000e+00 0.000e+00
  0.000e+00 4.000e-01 0.000e+00 0.000e+00]
 [0.000e+00 0.000e+00 0.000e+00 9.600e+01 0.000e+00 0.000e+00 0.000e+00
  0.000e+00 0.000e+00 0.000e+00 0.000e+00]
 [0.000e+00 0.000e+00 0.000e+00 0.000e+00 9.600e+01 0.000e+00 0.000e+00
  0.000e+00 0.000e+00 0.000e+00 0.000e+00]
 [0.000e+00 0.000e+00 0.000e+00 0.000e+00 0.000e+00 9.600e+01 0.000e+00
  0.000e+00 0.000e+00 0.000e+00 0.000e+00]
 [0.000e+00 0.000e+00 0.000e+00 0.000e+00 0.000e+00 0.000e+00 9.600e+01
  0.000e+00 0.000e+00 0.000e+00 0.000e+00]
 [0.000e+00 0.000e+00 0.000e+00 0.000e+00 0.000e+00 0.000e+00 0.000e+00
  9.600e+01 0.000e+00 0.000e+00 0.000e+00]
 [0.000e+00 0.000e+00 2.000e-01 0.000e+00 0.000e+00 0.000e+00 0.000e+00
  0.000e+00 2.878e+02 0.000e+00 0.000e+00]
 [0.000e+00 0.000e+00 1.000e+00 0.000e+00 0.000e+00 0.000e+00 0.000e+00
  0.000e+00 0.000e+00 9.500e+01 0.000e+00]
 [0.000e+00 0.000e+00 0.000e+00 0.000e+00 0.000e+00 0.000e+00 0.000e+00
  0.000e+00 0.000e+00 0.000e+00 2.880e+02]]
Total time elapsed: 21815.5040s