Mean accuracy: 0.5376 (std=0.009)
Mean F1 score: 0.5094 (std=0.010)
Mean confusion matrix:
[[ 66.8  18.6   7.6   0.    0.    3.    0.    0.    0.    0.    0. ]
 [ 14.8  15.2  19.    0.    5.8  14.    0.    0.    0.   27.2   0. ]
 [  2.6   0.8  61.    0.    2.4   2.6   0.    0.    0.   26.6   0. ]
 [  0.    0.    0.   96.    0.    0.    0.    0.    0.    0.    0. ]
 [  0.    0.    0.    0.   96.    0.    0.    0.    0.    0.    0. ]
 [ 18.8  17.6   1.8   0.    2.8  55.    0.    0.    0.    0.    0. ]
 [  0.    0.    0.    0.    0.    0.   49.6   0.   14.2   0.   32.2]
 [  0.    0.    0.    0.    0.    0.    0.   96.    0.    0.    0. ]
 [  0.    0.    0.    0.   85.   11.    2.2  99.   90.8   0.    0. ]
 [  0.4   0.2   3.2   0.    0.    0.    0.    0.    0.   92.2   0. ]
 [  0.    0.    0.    0.  140.6   3.2  29.6   6.   53.    0.   55.6]]
Total time elapsed: 0.2962s