Mean accuracy: 0.9997 (std=0.0003)
Mean F1 score: 0.9997 (std=0.0003)
Mean confusion matrix:
[[ 96.    0.    0.    0.    0.    0.    0.    0.    0.    0.    0. ]
 [  0.   96.    0.    0.    0.    0.    0.    0.    0.    0.    0. ]
 [  0.    0.   95.6   0.    0.    0.    0.    0.    0.4   0.    0. ]
 [  0.    0.    0.   96.    0.    0.    0.    0.    0.    0.    0. ]
 [  0.    0.    0.    0.   96.    0.    0.    0.    0.    0.    0. ]
 [  0.    0.    0.    0.    0.   96.    0.    0.    0.    0.    0. ]
 [  0.    0.    0.    0.    0.    0.   96.    0.    0.    0.    0. ]
 [  0.    0.    0.    0.    0.    0.    0.   96.    0.    0.    0. ]
 [  0.    0.    0.    0.    0.    0.    0.    0.  288.    0.    0. ]
 [  0.    0.    0.    0.    0.    0.    0.    0.    0.   96.    0. ]
 [  0.    0.    0.    0.    0.    0.    0.    0.    0.    0.  288. ]]
Total time elapsed: 232.4466s