Mean accuracy: 0.9976 (std=0.0014)
Mean F1 score: 0.9976 (std=0.0014)
Mean confusion matrix:
[[9.54e+01 0.00e+00 6.00e-01 0.00e+00 0.00e+00 0.00e+00 0.00e+00 0.00e+00
  0.00e+00 0.00e+00 0.00e+00]
 [0.00e+00 9.56e+01 4.00e-01 0.00e+00 0.00e+00 0.00e+00 0.00e+00 0.00e+00
  0.00e+00 0.00e+00 0.00e+00]
 [2.20e+00 2.00e-01 9.36e+01 0.00e+00 0.00e+00 0.00e+00 0.00e+00 0.00e+00
  0.00e+00 0.00e+00 0.00e+00]
 [0.00e+00 0.00e+00 0.00e+00 9.60e+01 0.00e+00 0.00e+00 0.00e+00 0.00e+00
  0.00e+00 0.00e+00 0.00e+00]
 [0.00e+00 0.00e+00 0.00e+00 0.00e+00 9.60e+01 0.00e+00 0.00e+00 0.00e+00
  0.00e+00 0.00e+00 0.00e+00]
 [0.00e+00 0.00e+00 0.00e+00 0.00e+00 0.00e+00 9.60e+01 0.00e+00 0.00e+00
  0.00e+00 0.00e+00 0.00e+00]
 [0.00e+00 0.00e+00 0.00e+00 0.00e+00 0.00e+00 0.00e+00 9.60e+01 0.00e+00
  0.00e+00 0.00e+00 0.00e+00]
 [0.00e+00 0.00e+00 0.00e+00 0.00e+00 0.00e+00 0.00e+00 0.00e+00 9.60e+01
  0.00e+00 0.00e+00 0.00e+00]
 [0.00e+00 0.00e+00 0.00e+00 0.00e+00 0.00e+00 0.00e+00 0.00e+00 0.00e+00
  2.88e+02 0.00e+00 0.00e+00]
 [0.00e+00 0.00e+00 0.00e+00 0.00e+00 0.00e+00 0.00e+00 0.00e+00 0.00e+00
  0.00e+00 9.60e+01 0.00e+00]
 [0.00e+00 0.00e+00 0.00e+00 0.00e+00 0.00e+00 0.00e+00 0.00e+00 0.00e+00
  0.00e+00 0.00e+00 2.88e+02]]
Total time elapsed: 188617.3364s