Mean accuracy: 0.8685 (std=0.009)
Mean F1 score: 0.8682 (std=0.009)
Mean confusion matrix:
[[7.300e+01 2.400e+00 1.100e+01 0.000e+00 0.000e+00 2.000e+00 0.000e+00
  0.000e+00 2.000e-01 7.400e+00 0.000e+00]
 [6.000e+00 7.840e+01 5.400e+00 0.000e+00 0.000e+00 4.000e-01 0.000e+00
  0.000e+00 8.000e-01 5.000e+00 0.000e+00]
 [4.400e+00 2.200e+00 8.520e+01 0.000e+00 0.000e+00 0.000e+00 0.000e+00
  0.000e+00 1.600e+00 2.200e+00 4.000e-01]
 [0.000e+00 0.000e+00 0.000e+00 9.440e+01 0.000e+00 0.000e+00 0.000e+00
  0.000e+00 1.600e+00 0.000e+00 0.000e+00]
 [0.000e+00 4.000e-01 0.000e+00 0.000e+00 7.540e+01 8.000e+00 4.000e-01
  0.000e+00 3.200e+00 0.000e+00 8.600e+00]
 [7.200e+00 6.000e-01 2.800e+00 0.000e+00 4.000e-01 7.780e+01 0.000e+00
  0.000e+00 6.000e-01 6.000e+00 6.000e-01]
 [0.000e+00 2.000e-01 0.000e+00 0.000e+00 8.000e-01 0.000e+00 8.960e+01
  0.000e+00 2.000e+00 0.000e+00 3.400e+00]
 [0.000e+00 0.000e+00 0.000e+00 0.000e+00 0.000e+00 0.000e+00 2.000e-01
  9.320e+01 1.400e+00 0.000e+00 1.200e+00]
 [4.200e+00 0.000e+00 8.000e-01 0.000e+00 2.600e+00 1.800e+00 3.400e+00
  1.400e+00 2.468e+02 0.000e+00 2.700e+01]
 [0.000e+00 0.000e+00 0.000e+00 0.000e+00 0.000e+00 2.000e-01 0.000e+00
  0.000e+00 0.000e+00 9.580e+01 0.000e+00]
 [2.000e+00 1.000e+00 0.000e+00 0.000e+00 4.800e+00 4.200e+00 3.400e+00
  0.000e+00 3.160e+01 0.000e+00 2.410e+02]]
Total time elapsed: 318.0999s