Mean accuracy: 0.9949 (std=0.002)
Mean F1 score: 0.9948 (std=0.002)
Mean confusion matrix:
[[9.560e+01 0.000e+00 4.000e-01 0.000e+00 0.000e+00 0.000e+00 0.000e+00
  0.000e+00 0.000e+00 0.000e+00 0.000e+00]
 [2.000e-01 9.380e+01 1.000e+00 0.000e+00 0.000e+00 8.000e-01 2.000e-01
  0.000e+00 0.000e+00 0.000e+00 0.000e+00]
 [1.800e+00 1.000e+00 9.200e+01 0.000e+00 0.000e+00 0.000e+00 0.000e+00
  0.000e+00 1.200e+00 0.000e+00 0.000e+00]
 [0.000e+00 0.000e+00 0.000e+00 9.600e+01 0.000e+00 0.000e+00 0.000e+00
  0.000e+00 0.000e+00 0.000e+00 0.000e+00]
 [0.000e+00 0.000e+00 0.000e+00 0.000e+00 9.600e+01 0.000e+00 0.000e+00
  0.000e+00 0.000e+00 0.000e+00 0.000e+00]
 [0.000e+00 0.000e+00 0.000e+00 0.000e+00 0.000e+00 9.600e+01 0.000e+00
  0.000e+00 0.000e+00 0.000e+00 0.000e+00]
 [0.000e+00 0.000e+00 0.000e+00 0.000e+00 0.000e+00 0.000e+00 9.600e+01
  0.000e+00 0.000e+00 0.000e+00 0.000e+00]
 [0.000e+00 0.000e+00 0.000e+00 0.000e+00 0.000e+00 0.000e+00 0.000e+00
  9.600e+01 0.000e+00 0.000e+00 0.000e+00]
 [2.000e-01 0.000e+00 0.000e+00 0.000e+00 0.000e+00 0.000e+00 0.000e+00
  0.000e+00 2.878e+02 0.000e+00 0.000e+00]
 [0.000e+00 0.000e+00 4.000e-01 0.000e+00 0.000e+00 2.000e-01 0.000e+00
  0.000e+00 0.000e+00 9.540e+01 0.000e+00]
 [0.000e+00 0.000e+00 0.000e+00 0.000e+00 0.000e+00 0.000e+00 0.000e+00
  0.000e+00 0.000e+00 0.000e+00 2.880e+02]]
Total time elapsed: 16930.7870s