Mean accuracy: 0.7544 (std=0.0163)
Mean F1 score: 0.7418 (std=0.0181)
Mean confusion matrix:
[[7.260e+01 8.000e-01 1.000e+01 0.000e+00 0.000e+00 1.200e+00 0.000e+00
  0.000e+00 8.600e+00 2.200e+00 6.000e-01]
 [3.800e+00 4.960e+01 9.000e+00 0.000e+00 0.000e+00 6.800e+00 0.000e+00
  0.000e+00 1.600e+00 1.400e+01 1.120e+01]
 [7.800e+00 6.800e+00 5.000e+01 0.000e+00 0.000e+00 6.000e+00 0.000e+00
  0.000e+00 3.000e+00 2.000e+01 2.400e+00]
 [0.000e+00 0.000e+00 0.000e+00 9.440e+01 0.000e+00 0.000e+00 0.000e+00
  2.000e-01 1.400e+00 0.000e+00 0.000e+00]
 [2.000e-01 0.000e+00 0.000e+00 0.000e+00 3.600e+01 0.000e+00 4.000e-01
  0.000e+00 1.860e+01 0.000e+00 4.080e+01]
 [1.600e+00 7.000e+00 1.180e+01 0.000e+00 0.000e+00 3.340e+01 0.000e+00
  0.000e+00 0.000e+00 2.360e+01 1.860e+01]
 [0.000e+00 0.000e+00 0.000e+00 0.000e+00 6.000e-01 0.000e+00 5.280e+01
  0.000e+00 3.840e+01 0.000e+00 4.200e+00]
 [0.000e+00 0.000e+00 0.000e+00 2.000e-01 0.000e+00 0.000e+00 4.000e-01
  8.760e+01 6.200e+00 0.000e+00 1.600e+00]
 [1.320e+01 0.000e+00 4.000e-01 0.000e+00 4.000e-01 0.000e+00 4.000e-01
  2.000e-01 2.644e+02 0.000e+00 9.000e+00]
 [2.000e-01 4.600e+00 1.080e+01 0.000e+00 0.000e+00 5.000e+00 0.000e+00
  0.000e+00 0.000e+00 7.500e+01 4.000e-01]
 [6.000e-01 1.400e+00 1.200e+00 0.000e+00 0.000e+00 3.200e+00 0.000e+00
  0.000e+00 8.800e+00 2.200e+00 2.706e+02]]
Total time elapsed: 408.7142s