Mean accuracy: 0.2385 (std=0.005)
Mean F1 score: 0.2375 (std=0.005)
Mean confusion matrix:
[[33.8  8.4  2.2  0.   0.4  2.   1.2  0.2 20.2  8.8 18.8]
 [ 7.  23.   7.   0.2  0.6 10.   3.6  0.8 24.8  3.  16. ]
 [ 5.   4.  20.6  0.   2.6  5.4  3.2  0.4 25.   3.6 26.2]
 [ 5.4  6.   1.8 20.4  9.6  4.6 11.  19.2  6.2  3.4  8.4]
 [ 3.8  5.   4.   4.6 15.2  4.8  8.6  8.4 17.2  4.4 20. ]
 [ 8.   1.6  4.   0.6  6.2 18.6  6.6  2.8 17.   7.4 23.2]
 [ 4.   3.8  4.6  3.2  9.   6.8 15.   8.2 16.4  4.4 20.6]
 [ 5.2  7.   5.  19.  10.   4.6  7.4 16.4  7.8  2.2 11.4]
 [16.8 23.2 11.6 17.6 23.6 16.6 13.6 20.4 81.2 18.  45.4]
 [13.4  7.4  2.8  0.2  2.6  5.2  2.4  0.4 27.  15.  19.6]
 [12.4 17.8 13.  13.6 21.6 23.2 22.8 23.  45.4 11.  84.2]]
Total time elapsed: 45.4951s