Mean accuracy: 0.9933 (std=0.004)
Mean F1 score: 0.9933 (std=0.004)
Mean confusion matrix:
[[9.600e+01 0.000e+00 0.000e+00 0.000e+00 0.000e+00 0.000e+00 0.000e+00
  0.000e+00 0.000e+00 0.000e+00 0.000e+00]
 [6.000e-01 9.320e+01 1.200e+00 0.000e+00 0.000e+00 0.000e+00 8.000e-01
  0.000e+00 2.000e-01 0.000e+00 0.000e+00]
 [0.000e+00 0.000e+00 9.320e+01 0.000e+00 0.000e+00 0.000e+00 2.000e-01
  0.000e+00 2.600e+00 0.000e+00 0.000e+00]
 [0.000e+00 0.000e+00 0.000e+00 9.600e+01 0.000e+00 0.000e+00 0.000e+00
  0.000e+00 0.000e+00 0.000e+00 0.000e+00]
 [0.000e+00 0.000e+00 0.000e+00 0.000e+00 9.600e+01 0.000e+00 0.000e+00
  0.000e+00 0.000e+00 0.000e+00 0.000e+00]
 [0.000e+00 4.000e-01 0.000e+00 0.000e+00 6.000e-01 9.460e+01 0.000e+00
  0.000e+00 2.000e-01 0.000e+00 2.000e-01]
 [0.000e+00 0.000e+00 0.000e+00 0.000e+00 0.000e+00 0.000e+00 9.600e+01
  0.000e+00 0.000e+00 0.000e+00 0.000e+00]
 [0.000e+00 0.000e+00 0.000e+00 0.000e+00 0.000e+00 0.000e+00 0.000e+00
  9.600e+01 0.000e+00 0.000e+00 0.000e+00]
 [0.000e+00 0.000e+00 2.000e-01 0.000e+00 0.000e+00 6.000e-01 0.000e+00
  0.000e+00 2.870e+02 0.000e+00 2.000e-01]
 [0.000e+00 0.000e+00 0.000e+00 0.000e+00 0.000e+00 0.000e+00 0.000e+00
  0.000e+00 0.000e+00 9.600e+01 0.000e+00]
 [0.000e+00 4.000e-01 0.000e+00 0.000e+00 0.000e+00 1.000e+00 0.000e+00
  0.000e+00 2.000e-01 0.000e+00 2.864e+02]]
Total time elapsed: 10473.7455s