Mean accuracy: 0.9861 (std=0.005)
Mean F1 score: 0.9861 (std=0.005)
Mean confusion matrix:
[[8.960e+01 2.000e-01 4.600e+00 0.000e+00 0.000e+00 8.000e-01 8.000e-01
  0.000e+00 0.000e+00]
 [6.000e-01 9.440e+01 8.000e-01 0.000e+00 0.000e+00 2.000e-01 0.000e+00
  0.000e+00 0.000e+00]
 [2.200e+00 4.000e-01 9.080e+01 0.000e+00 0.000e+00 2.400e+00 2.000e-01
  0.000e+00 0.000e+00]
 [0.000e+00 0.000e+00 0.000e+00 9.600e+01 0.000e+00 0.000e+00 0.000e+00
  0.000e+00 0.000e+00]
 [0.000e+00 2.000e-01 0.000e+00 0.000e+00 9.580e+01 0.000e+00 0.000e+00
  0.000e+00 0.000e+00]
 [0.000e+00 0.000e+00 2.000e-01 0.000e+00 0.000e+00 9.580e+01 0.000e+00
  0.000e+00 0.000e+00]
 [0.000e+00 0.000e+00 0.000e+00 6.000e-01 0.000e+00 4.000e-01 2.866e+02
  4.000e-01 0.000e+00]
 [0.000e+00 0.000e+00 0.000e+00 0.000e+00 0.000e+00 0.000e+00 0.000e+00
  1.200e+02 0.000e+00]
 [0.000e+00 0.000e+00 0.000e+00 0.000e+00 0.000e+00 0.000e+00 0.000e+00
  0.000e+00 9.600e+01]]
Total time elapsed: 1482.0712s