Mean accuracy: 0.3870 (std=0.017)
Mean F1 score: 0.2664 (std=0.017)
Mean confusion matrix:
[[6.000e-01 0.000e+00 0.000e+00 0.000e+00 0.000e+00 0.000e+00 9.480e+01
  6.000e-01 0.000e+00]
 [4.000e-01 1.000e+00 0.000e+00 0.000e+00 0.000e+00 8.000e-01 9.040e+01
  3.400e+00 0.000e+00]
 [0.000e+00 0.000e+00 0.000e+00 2.000e-01 0.000e+00 0.000e+00 9.500e+01
  8.000e-01 0.000e+00]
 [0.000e+00 0.000e+00 0.000e+00 3.000e+00 0.000e+00 4.000e-01 9.240e+01
  2.000e-01 0.000e+00]
 [0.000e+00 0.000e+00 0.000e+00 0.000e+00 0.000e+00 0.000e+00 9.600e+01
  0.000e+00 0.000e+00]
 [0.000e+00 0.000e+00 0.000e+00 6.000e-01 0.000e+00 3.840e+01 4.780e+01
  9.200e+00 0.000e+00]
 [2.000e-01 0.000e+00 0.000e+00 0.000e+00 0.000e+00 0.000e+00 2.834e+02
  4.400e+00 0.000e+00]
 [0.000e+00 0.000e+00 0.000e+00 0.000e+00 0.000e+00 0.000e+00 2.860e+01
  9.140e+01 0.000e+00]
 [0.000e+00 0.000e+00 0.000e+00 0.000e+00 0.000e+00 4.000e-01 7.220e+01
  2.320e+01 2.000e-01]]
Total time elapsed: 31.4284s