Mean accuracy: 0.7780 (std=0.034)
Mean F1 score: 0.7747 (std=0.034)
Mean confusion matrix:
[[7.740e+01 1.800e+00 4.000e+00 4.000e-01 1.400e+00 1.600e+00 8.800e+00
  2.000e-01 4.000e-01]
 [9.400e+00 5.200e+01 1.240e+01 2.200e+00 6.000e+00 4.200e+00 3.200e+00
  1.800e+00 4.800e+00]
 [8.600e+00 3.600e+00 6.880e+01 6.000e-01 1.000e+00 6.000e-01 1.040e+01
  2.000e-01 2.200e+00]
 [6.000e-01 1.200e+00 1.000e+00 8.180e+01 8.000e-01 3.200e+00 6.200e+00
  8.000e-01 4.000e-01]
 [5.600e+00 5.800e+00 4.600e+00 0.000e+00 6.160e+01 0.000e+00 1.160e+01
  0.000e+00 6.800e+00]
 [2.000e-01 2.000e-01 8.000e-01 6.000e-01 0.000e+00 9.200e+01 1.600e+00
  6.000e-01 0.000e+00]
 [1.180e+01 2.800e+00 7.000e+00 3.800e+00 2.000e+00 3.200e+00 2.474e+02
  9.200e+00 8.000e-01]
 [0.000e+00 1.800e+00 8.000e-01 6.200e+00 8.000e-01 3.000e+00 1.360e+01
  9.300e+01 8.000e-01]
 [4.600e+00 4.600e+00 3.600e+00 4.000e-01 6.400e+00 4.000e-01 3.200e+00
  6.600e+00 6.620e+01]]
Total time elapsed: 341.3731s