Mean accuracy: 0.9946 (std=0.002)
Mean F1 score: 0.9946 (std=0.002)
Mean confusion matrix:
[[9.600e+01 0.000e+00 0.000e+00 0.000e+00 0.000e+00 0.000e+00 0.000e+00
  0.000e+00 0.000e+00]
 [0.000e+00 9.400e+01 1.800e+00 0.000e+00 0.000e+00 0.000e+00 0.000e+00
  0.000e+00 2.000e-01]
 [2.000e-01 2.200e+00 9.320e+01 0.000e+00 0.000e+00 0.000e+00 2.000e-01
  2.000e-01 0.000e+00]
 [0.000e+00 0.000e+00 0.000e+00 9.580e+01 0.000e+00 2.000e-01 0.000e+00
  0.000e+00 0.000e+00]
 [0.000e+00 0.000e+00 0.000e+00 0.000e+00 9.580e+01 0.000e+00 0.000e+00
  0.000e+00 2.000e-01]
 [0.000e+00 0.000e+00 0.000e+00 0.000e+00 0.000e+00 9.600e+01 0.000e+00
  0.000e+00 0.000e+00]
 [0.000e+00 0.000e+00 0.000e+00 0.000e+00 0.000e+00 0.000e+00 2.880e+02
  0.000e+00 0.000e+00]
 [0.000e+00 0.000e+00 0.000e+00 0.000e+00 0.000e+00 0.000e+00 2.000e-01
  1.198e+02 0.000e+00]
 [0.000e+00 0.000e+00 0.000e+00 0.000e+00 0.000e+00 0.000e+00 4.000e-01
  0.000e+00 9.560e+01]]
Total time elapsed: 16576.1659s