Mean accuracy: 0.5344 (std=0.021)
Mean F1 score: 0.5329 (std=0.020)
Mean confusion matrix:
[[ 37.8   8.2  12.2   4.    0.    1.6  28.2   3.8   0.2]
 [  6.8  41.2   8.6   2.    4.2   9.2  21.4   1.8   0.8]
 [ 13.   10.8  36.6   3.    0.6   4.6  24.4   1.6   1.4]
 [  4.8   2.8   3.4  49.2   0.6   6.8  20.2   8.    0.2]
 [  0.    1.6   0.    0.2  70.8   7.4   3.8   0.4  11.8]
 [  0.8   6.8   3.6   6.2  10.2  48.2  14.2   3.    3. ]
 [ 21.4  14.2  18.8  20.6   3.6  11.6 171.6  13.   13.2]
 [  4.2   4.6   5.4   6.8   0.8   3.8  20.   70.4   4. ]
 [  0.    0.8   1.4   0.6  12.4   2.4  20.6   6.4  51.4]]
Total time elapsed: 555.5314s