Mean accuracy: 0.4483 (std=0.008)
Mean F1 score: 0.3532 (std=0.008)
Mean confusion matrix:
[[6.000e-01 0.000e+00 0.000e+00 0.000e+00 0.000e+00 4.000e-01 9.500e+01
  0.000e+00 0.000e+00]
 [0.000e+00 8.800e+00 6.000e-01 4.000e-01 0.000e+00 0.000e+00 8.480e+01
  1.000e+00 4.000e-01]
 [0.000e+00 6.000e-01 6.000e+00 2.000e-01 0.000e+00 0.000e+00 8.900e+01
  2.000e-01 0.000e+00]
 [0.000e+00 4.000e-01 2.000e-01 2.640e+01 0.000e+00 6.000e-01 6.820e+01
  2.000e-01 0.000e+00]
 [0.000e+00 2.000e-01 0.000e+00 0.000e+00 4.000e-01 0.000e+00 9.540e+01
  0.000e+00 0.000e+00]
 [0.000e+00 0.000e+00 0.000e+00 2.000e-01 0.000e+00 9.580e+01 0.000e+00
  0.000e+00 0.000e+00]
 [0.000e+00 2.000e-01 2.000e-01 2.000e-01 0.000e+00 0.000e+00 2.804e+02
  7.000e+00 0.000e+00]
 [0.000e+00 8.000e-01 2.000e-01 2.000e-01 0.000e+00 3.200e+00 5.040e+01
  6.480e+01 4.000e-01]
 [0.000e+00 0.000e+00 0.000e+00 0.000e+00 0.000e+00 0.000e+00 7.200e+01
  2.300e+01 1.000e+00]]
Total time elapsed: 25.0208s