Mean accuracy: 0.4007 (std=0.009)
Mean F1 score: 0.3340 (std=0.013)
Mean confusion matrix:
[[ 69.   25.6   1.4   0.    0.    0.    0.    0.    0. ]
 [  0.   95.6   0.2   0.    0.2   0.    0.    0.    0. ]
 [  1.2  63.2  12.    8.2   0.    0.   11.2   0.    0.2]
 [  0.    0.    0.   96.    0.    0.    0.    0.    0. ]
 [  0.   63.4   0.    0.   21.8   0.    0.    0.   10.8]
 [  0.    0.    0.    0.    0.   96.    0.    0.    0. ]
 [  7.6   5.4  49.8 188.8   1.6   0.   20.4   1.   13.4]
 [  0.    0.2   0.4  90.4   0.2  24.    1.2   1.    2.6]
 [  0.   26.8  10.   26.4   0.4   0.    4.8   6.6  21. ]]
Total time elapsed: 55.0612s