Mean accuracy: 0.9998 (std=0.0004)
Mean F1 score: 0.9998 (std=0.0004)
Mean confusion matrix:
[[9.58e+01 0.00e+00 0.00e+00 0.00e+00 0.00e+00 0.00e+00 0.00e+00 2.00e-01
  0.00e+00]
 [0.00e+00 9.60e+01 0.00e+00 0.00e+00 0.00e+00 0.00e+00 0.00e+00 0.00e+00
  0.00e+00]
 [0.00e+00 0.00e+00 9.60e+01 0.00e+00 0.00e+00 0.00e+00 0.00e+00 0.00e+00
  0.00e+00]
 [0.00e+00 0.00e+00 0.00e+00 9.60e+01 0.00e+00 0.00e+00 0.00e+00 0.00e+00
  0.00e+00]
 [0.00e+00 0.00e+00 0.00e+00 0.00e+00 9.60e+01 0.00e+00 0.00e+00 0.00e+00
  0.00e+00]
 [0.00e+00 0.00e+00 0.00e+00 0.00e+00 0.00e+00 9.60e+01 0.00e+00 0.00e+00
  0.00e+00]
 [0.00e+00 0.00e+00 0.00e+00 0.00e+00 0.00e+00 0.00e+00 2.88e+02 0.00e+00
  0.00e+00]
 [0.00e+00 0.00e+00 0.00e+00 0.00e+00 0.00e+00 0.00e+00 0.00e+00 1.20e+02
  0.00e+00]
 [0.00e+00 0.00e+00 0.00e+00 0.00e+00 0.00e+00 0.00e+00 0.00e+00 0.00e+00
  9.60e+01]]
Total time elapsed: 175.4893s