Mean accuracy: 0.5824 (std=0.0087)
Mean F1 score: 0.5599 (std=0.0103)
Mean confusion matrix:
[[4.30e+01 4.00e-01 3.20e+00 0.00e+00 3.60e+00 2.00e-01 4.54e+01 2.00e-01
  0.00e+00]
 [1.00e+01 2.80e+01 9.60e+00 2.40e+00 1.12e+01 2.20e+00 2.16e+01 3.00e+00
  8.00e+00]
 [5.80e+00 1.60e+00 3.60e+01 4.00e-01 4.00e-01 8.00e-01 5.00e+01 6.00e-01
  4.00e-01]
 [0.00e+00 2.00e-01 8.00e-01 3.30e+01 2.00e-01 2.60e+00 5.50e+01 2.80e+00
  1.40e+00]
 [7.40e+00 8.60e+00 2.40e+00 2.00e-01 4.30e+01 0.00e+00 3.14e+01 0.00e+00
  3.00e+00]
 [0.00e+00 8.00e-01 1.00e+00 6.80e+00 2.00e-01 5.34e+01 1.72e+01 1.48e+01
  1.80e+00]
 [7.80e+00 2.00e-01 2.40e+00 2.00e+00 4.00e-01 6.00e-01 2.71e+02 3.60e+00
  0.00e+00]
 [0.00e+00 1.00e+00 0.00e+00 3.00e+00 2.00e-01 2.60e+00 2.04e+01 9.26e+01
  2.00e-01]
 [2.00e+00 4.20e+00 6.40e+00 4.60e+00 7.00e+00 3.20e+00 3.26e+01 7.00e+00
  2.90e+01]]
Total time elapsed: 271.8518s