Mean accuracy: 0.9957 (std=0.0013)
Mean F1 score: 0.9957 (std=0.0013)
Mean confusion matrix:
[[9.540e+01 0.000e+00 0.000e+00 0.000e+00 0.000e+00 2.000e-01 2.000e-01
  2.000e-01 0.000e+00]
 [0.000e+00 9.540e+01 4.000e-01 0.000e+00 0.000e+00 2.000e-01 0.000e+00
  0.000e+00 0.000e+00]
 [0.000e+00 0.000e+00 9.400e+01 0.000e+00 0.000e+00 1.200e+00 4.000e-01
  4.000e-01 0.000e+00]
 [0.000e+00 0.000e+00 0.000e+00 9.600e+01 0.000e+00 0.000e+00 0.000e+00
  0.000e+00 0.000e+00]
 [0.000e+00 0.000e+00 0.000e+00 0.000e+00 9.600e+01 0.000e+00 0.000e+00
  0.000e+00 0.000e+00]
 [0.000e+00 0.000e+00 0.000e+00 0.000e+00 0.000e+00 9.600e+01 0.000e+00
  0.000e+00 0.000e+00]
 [2.000e-01 0.000e+00 0.000e+00 0.000e+00 0.000e+00 0.000e+00 2.872e+02
  6.000e-01 0.000e+00]
 [0.000e+00 0.000e+00 0.000e+00 0.000e+00 0.000e+00 0.000e+00 6.000e-01
  1.194e+02 0.000e+00]
 [0.000e+00 0.000e+00 0.000e+00 0.000e+00 0.000e+00 0.000e+00 0.000e+00
  0.000e+00 9.600e+01]]
Total time elapsed: 589.6802s