Mean accuracy: 0.9933 (std=0.005)
Mean F1 score: 0.9933 (std=0.005)
Mean confusion matrix:
[[9.340e+01 2.000e-01 0.000e+00 2.000e-01 0.000e+00 8.000e-01 1.400e+00
  0.000e+00 0.000e+00]
 [0.000e+00 9.520e+01 0.000e+00 0.000e+00 6.000e-01 0.000e+00 0.000e+00
  0.000e+00 2.000e-01]
 [0.000e+00 0.000e+00 9.380e+01 0.000e+00 0.000e+00 1.400e+00 6.000e-01
  2.000e-01 0.000e+00]
 [0.000e+00 0.000e+00 0.000e+00 9.580e+01 0.000e+00 0.000e+00 2.000e-01
  0.000e+00 0.000e+00]
 [0.000e+00 0.000e+00 0.000e+00 0.000e+00 9.580e+01 0.000e+00 0.000e+00
  0.000e+00 2.000e-01]
 [0.000e+00 0.000e+00 0.000e+00 0.000e+00 0.000e+00 9.600e+01 0.000e+00
  0.000e+00 0.000e+00]
 [0.000e+00 0.000e+00 2.000e-01 0.000e+00 0.000e+00 0.000e+00 2.876e+02
  2.000e-01 0.000e+00]
 [0.000e+00 0.000e+00 0.000e+00 2.000e-01 0.000e+00 0.000e+00 4.000e-01
  1.194e+02 0.000e+00]
 [0.000e+00 0.000e+00 0.000e+00 0.000e+00 0.000e+00 0.000e+00 2.000e-01
  0.000e+00 9.580e+01]]
Total time elapsed: 8706.0312s