Mean accuracy: 0.2961 (std=0.011)
Mean F1 score: 0.2489 (std=0.011)
Mean confusion matrix:
[[80.4  2.4  4.   0.4  6.4  0.8  1.2  0.   0.4]
 [17.2 10.8 12.2  5.4 15.  21.2  7.8  0.   6.4]
 [37.8  5.  16.6  1.2 28.2  2.4  3.6  0.4  0.8]
 [ 0.  21.4  0.2 25.2  0.  15.2 34.   0.   0. ]
 [23.4  4.6 22.4  0.  45.4  0.   0.2  0.   0. ]
 [ 0.   0.8  0.   7.8  0.  76.8  5.8  0.   4.8]
 [90.   6.2 44.   7.2 51.6 27.   6.8  4.2 51. ]
 [ 0.   3.4  0.4  3.6  0.  31.2  4.8 57.8 18.8]
 [15.8  0.6 20.8  0.  34.8  0.   0.  24.   0. ]]
Total time elapsed: 0.2021s