Mean accuracy: 0.3133 (std=0.011)
Mean F1 score: 0.3131 (std=0.011)
Mean confusion matrix:
[[ 30.4   3.    3.8   5.4   5.8   3.8  34.8   6.4   2.6]
 [  4.8  19.4  10.2   6.6  11.2   3.4  19.    9.6  11.8]
 [  7.8   9.4  29.6   2.4   4.8   0.   32.    4.    6. ]
 [  7.    5.4   4.8  21.2   8.2   6.6  16.2  16.4  10.2]
 [  5.4   9.8   9.8   6.6  20.8   1.8  23.2   8.6  10. ]
 [  8.6   0.    0.    9.    0.   38.4   0.   39.6   0.4]
 [ 24.4  14.2  28.4  18.2  20.6   4.2 138.6  19.2  20.2]
 [  5.   12.4  13.2   8.8   8.2  18.6  20.8  21.8  11.2]
 [  4.4  13.2   8.6   7.   12.    3.6  19.8   9.2  18.2]]
Total time elapsed: 19.4374s