Mean accuracy: 0.9996 (std=0.001)
Mean F1 score: 0.9996 (std=0.001)
Mean confusion matrix:
[[9.56e+01 0.00e+00 0.00e+00 0.00e+00 0.00e+00 2.00e-01 0.00e+00 2.00e-01
  0.00e+00]
 [0.00e+00 9.60e+01 0.00e+00 0.00e+00 0.00e+00 0.00e+00 0.00e+00 0.00e+00
  0.00e+00]
 [0.00e+00 0.00e+00 9.60e+01 0.00e+00 0.00e+00 0.00e+00 0.00e+00 0.00e+00
  0.00e+00]
 [0.00e+00 0.00e+00 0.00e+00 9.60e+01 0.00e+00 0.00e+00 0.00e+00 0.00e+00
  0.00e+00]
 [0.00e+00 0.00e+00 0.00e+00 0.00e+00 9.60e+01 0.00e+00 0.00e+00 0.00e+00
  0.00e+00]
 [0.00e+00 0.00e+00 0.00e+00 0.00e+00 0.00e+00 9.60e+01 0.00e+00 0.00e+00
  0.00e+00]
 [0.00e+00 0.00e+00 0.00e+00 0.00e+00 0.00e+00 0.00e+00 2.88e+02 0.00e+00
  0.00e+00]
 [0.00e+00 0.00e+00 0.00e+00 0.00e+00 0.00e+00 0.00e+00 0.00e+00 1.20e+02
  0.00e+00]
 [0.00e+00 0.00e+00 0.00e+00 0.00e+00 0.00e+00 0.00e+00 0.00e+00 0.00e+00
  9.60e+01]]
Total time elapsed: 1946.9648s