Mean accuracy: 0.9920 (std=0.002)
Mean F1 score: 0.9920 (std=0.002)
Mean confusion matrix:
[[9.280e+01 6.000e-01 1.400e+00 0.000e+00 0.000e+00 4.000e-01 8.000e-01
  0.000e+00 0.000e+00]
 [0.000e+00 9.560e+01 4.000e-01 0.000e+00 0.000e+00 0.000e+00 0.000e+00
  0.000e+00 0.000e+00]
 [1.000e+00 1.600e+00 9.260e+01 0.000e+00 0.000e+00 2.000e-01 2.000e-01
  2.000e-01 2.000e-01]
 [0.000e+00 0.000e+00 0.000e+00 9.600e+01 0.000e+00 0.000e+00 0.000e+00
  0.000e+00 0.000e+00]
 [0.000e+00 0.000e+00 0.000e+00 0.000e+00 9.540e+01 0.000e+00 0.000e+00
  0.000e+00 6.000e-01]
 [0.000e+00 0.000e+00 0.000e+00 0.000e+00 0.000e+00 9.600e+01 0.000e+00
  0.000e+00 0.000e+00]
 [2.000e-01 0.000e+00 0.000e+00 0.000e+00 0.000e+00 0.000e+00 2.876e+02
  2.000e-01 0.000e+00]
 [2.000e-01 0.000e+00 2.000e-01 0.000e+00 0.000e+00 0.000e+00 0.000e+00
  1.196e+02 0.000e+00]
 [0.000e+00 0.000e+00 0.000e+00 0.000e+00 0.000e+00 0.000e+00 2.000e-01
  0.000e+00 9.580e+01]]
Total time elapsed: 15042.8162s