Mean accuracy: 0.3915 (std=0.0123)
Mean F1 score: 0.3387 (std=0.0095)
Mean confusion matrix:
[[4.66e+01 3.54e+01 4.00e-01 0.00e+00 0.00e+00 0.00e+00 1.36e+01 0.00e+00
  0.00e+00]
 [1.70e+01 5.78e+01 3.40e+00 0.00e+00 2.00e+00 0.00e+00 1.56e+01 0.00e+00
  2.00e-01]
 [1.06e+01 2.58e+01 1.22e+01 0.00e+00 0.00e+00 0.00e+00 4.72e+01 0.00e+00
  2.00e-01]
 [8.20e+00 1.40e+00 4.00e-01 1.22e+01 4.00e-01 0.00e+00 7.34e+01 0.00e+00
  0.00e+00]
 [9.80e+00 4.16e+01 0.00e+00 0.00e+00 9.40e+00 0.00e+00 3.50e+01 0.00e+00
  2.00e-01]
 [1.68e+01 2.60e+00 1.28e+01 2.00e-01 2.40e+00 5.40e+00 5.52e+01 0.00e+00
  6.00e-01]
 [1.80e+01 1.74e+01 1.16e+01 3.40e+00 0.00e+00 3.80e+00 2.33e+02 6.00e-01
  2.00e-01]
 [1.06e+01 1.60e+00 1.60e+00 6.40e+00 0.00e+00 5.40e+00 6.34e+01 3.10e+01
  0.00e+00]
 [5.60e+00 2.92e+01 5.80e+00 5.40e+00 4.00e-01 2.20e+00 3.22e+01 0.00e+00
  1.52e+01]]
Total time elapsed: 79.7120s