Mean accuracy: 0.3420 (std=0.013)
Mean F1 score: 0.3180 (std=0.011)
Mean confusion matrix:
[[ 20.2   1.8   0.8   1.2   1.8   1.8  64.6   1.8   2. ]
 [  2.6  18.8   5.2   4.2  10.2   7.2  33.6   5.4   8.8]
 [  3.8   3.6  39.    1.4   2.6   1.4  40.4   2.    1.8]
 [  2.    5.2   2.4  17.8   7.    4.8  43.4   6.6   6.8]
 [  4.4   8.8   3.6   5.8  20.8   4.2  38.2   3.4   6.8]
 [  4.6   6.2   2.    6.    3.4  19.4  32.2  18.    4.2]
 [ 13.4  10.2  24.   10.8  11.8   9.2 191.   11.4   6.2]
 [  2.8   5.8   5.2   7.2   6.6  19.6  45.2  22.8   4.8]
 [  2.    7.6   3.4   9.    7.6   6.2  35.2   5.4  19.6]]
Total time elapsed: 1.0905s