Mean accuracy: 0.7319 (std=0.013)
Mean F1 score: 0.7276 (std=0.014)
Mean confusion matrix:
[[7.220e+01 6.000e-01 5.600e+00 4.000e-01 1.400e+00 2.000e+00 1.300e+01
  6.000e-01 2.000e-01]
 [8.200e+00 4.760e+01 1.140e+01 2.000e+00 1.240e+01 1.200e+00 1.600e+00
  1.800e+00 9.800e+00]
 [1.220e+01 3.200e+00 6.140e+01 6.000e-01 4.000e+00 2.000e-01 1.300e+01
  0.000e+00 1.400e+00]
 [0.000e+00 6.000e-01 1.000e+00 7.120e+01 2.000e-01 4.800e+00 1.280e+01
  4.000e+00 1.400e+00]
 [5.200e+00 9.000e+00 1.020e+01 2.000e-01 6.080e+01 0.000e+00 5.000e+00
  0.000e+00 5.600e+00]
 [2.000e-01 0.000e+00 0.000e+00 2.200e+00 0.000e+00 8.800e+01 8.000e-01
  4.800e+00 0.000e+00]
 [1.360e+01 1.000e+00 8.600e+00 4.200e+00 1.200e+00 8.000e-01 2.468e+02
  1.140e+01 4.000e-01]
 [0.000e+00 8.000e-01 0.000e+00 4.600e+00 0.000e+00 5.400e+00 1.260e+01
  9.500e+01 1.600e+00]
 [1.000e+00 9.600e+00 7.600e+00 5.600e+00 1.780e+01 6.000e-01 1.600e+00
  4.800e+00 4.740e+01]]
Total time elapsed: 4470.4593s