Mean accuracy: 0.9752 (std=0.0103)
Mean F1 score: 0.9753 (std=0.0101)
Mean confusion matrix:
[[9.520e+01 2.000e-01 0.000e+00 0.000e+00 0.000e+00 2.000e-01 2.000e-01
  0.000e+00 2.000e-01]
 [0.000e+00 9.200e+01 1.600e+00 4.000e-01 2.000e-01 0.000e+00 1.400e+00
  2.000e-01 2.000e-01]
 [0.000e+00 1.600e+00 9.360e+01 6.000e-01 0.000e+00 0.000e+00 2.000e-01
  0.000e+00 0.000e+00]
 [0.000e+00 4.000e-01 0.000e+00 9.320e+01 0.000e+00 0.000e+00 2.200e+00
  0.000e+00 2.000e-01]
 [0.000e+00 0.000e+00 0.000e+00 0.000e+00 9.520e+01 4.000e-01 0.000e+00
  4.000e-01 0.000e+00]
 [0.000e+00 0.000e+00 0.000e+00 0.000e+00 0.000e+00 9.600e+01 0.000e+00
  0.000e+00 0.000e+00]
 [0.000e+00 2.000e+00 2.000e-01 3.200e+00 0.000e+00 0.000e+00 2.802e+02
  1.000e+00 1.400e+00]
 [0.000e+00 1.200e+00 0.000e+00 0.000e+00 4.000e-01 1.000e+00 2.000e+00
  1.142e+02 1.200e+00]
 [0.000e+00 6.000e-01 0.000e+00 4.000e-01 0.000e+00 0.000e+00 4.000e-01
  1.000e+00 9.360e+01]]
Total time elapsed: 600.7491s