Mean accuracy: 0.5096 (std=0.0201)
Mean F1 score: 0.4666 (std=0.0232)
Mean confusion matrix:
[[4.10e+01 0.00e+00 2.00e-01 0.00e+00 2.00e-01 0.00e+00 5.32e+01 0.00e+00
  1.40e+00]
 [2.00e+00 2.06e+01 7.60e+00 4.20e+00 1.20e+00 2.40e+00 5.04e+01 5.80e+00
  1.80e+00]
 [3.60e+00 4.80e+00 4.50e+01 1.60e+00 0.00e+00 0.00e+00 3.98e+01 2.00e-01
  1.00e+00]
 [0.00e+00 2.60e+00 2.40e+00 7.80e+00 0.00e+00 0.00e+00 8.26e+01 2.00e-01
  4.00e-01]
 [0.00e+00 1.40e+00 8.00e-01 1.60e+00 3.38e+01 7.60e+00 3.00e+01 1.86e+01
  2.20e+00]
 [0.00e+00 4.00e-01 0.00e+00 6.00e-01 7.60e+00 5.36e+01 2.20e+00 2.82e+01
  3.40e+00]
 [3.40e+00 2.00e+00 3.40e+00 4.40e+00 2.00e-01 0.00e+00 2.71e+02 1.80e+00
  1.80e+00]
 [6.00e-01 1.20e+00 4.00e-01 4.00e-01 5.60e+00 1.00e+01 3.02e+01 6.88e+01
  2.80e+00]
 [5.40e+00 2.00e-01 6.00e-01 4.00e-01 1.00e+00 5.00e+00 5.70e+01 1.76e+01
  8.80e+00]]
Total time elapsed: 279.4190s