Mean accuracy: 0.9994 (std=0.0007)
Mean F1 score: 0.9994 (std=0.0007)
Mean confusion matrix:
[[ 96.    0.    0.    0.    0.    0.    0.    0.    0. ]
 [  0.   96.    0.    0.    0.    0.    0.    0.    0. ]
 [  0.    0.   96.    0.    0.    0.    0.    0.    0. ]
 [  0.    0.    0.   96.    0.    0.    0.    0.    0. ]
 [  0.    0.    0.    0.   96.    0.    0.    0.    0. ]
 [  0.    0.    0.    0.    0.   96.    0.    0.    0. ]
 [  0.    0.    0.    0.    0.    0.  288.    0.    0. ]
 [  0.    0.    0.    0.    0.    0.    0.6 119.4   0. ]
 [  0.    0.    0.    0.    0.    0.    0.    0.   96. ]]
Total time elapsed: 173.6532s