Mean accuracy: 0.7544 (std=0.011)
Mean F1 score: 0.7536 (std=0.012)
Mean confusion matrix:
[[7.26e+01 4.00e-01 4.20e+00 6.00e-01 2.00e-01 1.60e+00 1.32e+01 1.60e+00
  1.60e+00]
 [4.00e-01 8.68e+01 1.20e+00 2.80e+00 1.00e+00 4.00e-01 4.00e-01 3.00e+00
  0.00e+00]
 [5.00e+00 2.00e-01 7.62e+01 1.20e+00 8.00e-01 1.00e+00 8.20e+00 1.00e+00
  2.40e+00]
 [1.60e+00 6.40e+00 6.00e-01 6.18e+01 2.60e+00 5.60e+00 9.40e+00 5.20e+00
  2.80e+00]
 [0.00e+00 2.00e-01 2.00e-01 1.60e+00 8.74e+01 2.20e+00 1.80e+00 1.80e+00
  8.00e-01]
 [1.00e+00 0.00e+00 2.00e-01 6.00e-01 6.00e-01 6.96e+01 1.70e+01 4.00e+00
  3.00e+00]
 [6.80e+00 8.00e-01 4.60e+00 7.80e+00 3.00e+00 1.60e+01 2.22e+02 1.40e+01
  1.30e+01]
 [3.80e+00 8.00e-01 2.20e+00 4.60e+00 1.40e+00 5.40e+00 2.06e+01 7.72e+01
  4.00e+00]
 [1.20e+00 0.00e+00 8.00e-01 2.20e+00 6.00e-01 5.00e+00 1.98e+01 5.20e+00
  6.12e+01]]
Total time elapsed: 621.0639s