Mean accuracy: 0.3687 (std=0.007)
Mean F1 score: 0.3383 (std=0.007)
Mean confusion matrix:
[[86.   0.2  3.   1.6  0.2  0.   5.   0.   0. ]
 [12.2  8.  14.6  8.4  8.4 12.4 13.4  6.4 12.2]
 [15.6  0.8 64.   3.8  0.4  0.2 11.2  0.   0. ]
 [ 0.   0.4  0.4 37.2  1.   0.  57.   0.   0. ]
 [ 0.  18.6  0.   9.8 49.4 12.6  1.8  0.   3.8]
 [ 0.   3.8  0.   0.   7.8 50.8  0.   1.2 32.4]
 [91.  20.2 56.4 29.6 32.4  4.  51.2  0.   3.2]
 [ 0.6  4.2  6.   5.8 10.  17.  11.2 51.6 13.6]
 [27.2  0.2 26.8  1.8  0.4  0.  15.6 24.   0. ]]
Total time elapsed: 0.2191s