Mean accuracy: 0.4054 (std=0.009)
Mean F1 score: 0.3696 (std=0.013)
Mean confusion matrix:
[[ 33.6   2.    0.8   5.8   1.8   0.2  45.4   4.8   1.6]
 [  7.   13.6  16.4   3.6   5.4   0.   35.2  12.8   2. ]
 [  1.6   5.2  46.2   2.8   2.8   0.   33.    3.2   1.2]
 [  8.6   6.4   5.6  11.6   5.4   0.   44.8   9.8   3.8]
 [  3.8   3.6   5.4   4.2  15.    0.6  50.4   8.4   4.6]
 [  0.    0.2   0.    0.2   0.   95.    0.2   0.    0.4]
 [ 16.    9.2  13.8  14.   12.    0.4 196.   17.2   9.4]
 [  9.2   8.    6.4   8.8  10.6   0.   56.8  14.    6.2]
 [  4.4   2.4   2.4   2.6   6.   11.8  46.6   7.   12.8]]
Total time elapsed: 1.1359s