Mean accuracy: 0.8598 (std=0.004)
Mean F1 score: 0.8567 (std=0.005)
Mean confusion matrix:
[[8.940e+01 8.000e-01 1.600e+00 2.800e+00 0.000e+00 4.000e-01 0.000e+00
  1.000e+00 0.000e+00]
 [0.000e+00 9.600e+01 0.000e+00 0.000e+00 0.000e+00 0.000e+00 0.000e+00
  0.000e+00 0.000e+00]
 [1.000e+01 4.000e-01 7.820e+01 2.200e+00 0.000e+00 4.000e-01 4.000e+00
  2.000e-01 6.000e-01]
 [1.360e+01 8.000e-01 4.200e+00 6.020e+01 0.000e+00 7.200e+00 6.200e+00
  3.600e+00 2.000e-01]
 [0.000e+00 2.000e-01 2.000e-01 4.000e-01 8.660e+01 0.000e+00 7.800e+00
  0.000e+00 8.000e-01]
 [0.000e+00 0.000e+00 2.000e-01 2.000e-01 0.000e+00 9.080e+01 2.600e+00
  2.200e+00 0.000e+00]
 [0.000e+00 0.000e+00 4.600e+00 1.600e+00 6.000e-01 1.600e+00 2.712e+02
  3.800e+00 4.600e+00]
 [3.000e+00 2.000e-01 2.000e-01 8.800e+00 0.000e+00 1.060e+01 5.200e+00
  9.200e+01 0.000e+00]
 [2.000e-01 0.000e+00 1.600e+00 4.000e-01 0.000e+00 2.400e+00 2.100e+01
  6.200e+00 6.420e+01]]
Total time elapsed: 4700.7517s