Mean accuracy: 0.4156 (std=0.012)
Mean F1 score: 0.3014 (std=0.014)
Mean confusion matrix:
[[4.000e-01 0.000e+00 0.000e+00 0.000e+00 0.000e+00 0.000e+00 9.560e+01
  0.000e+00 0.000e+00]
 [0.000e+00 2.800e+00 0.000e+00 0.000e+00 1.400e+00 5.200e+00 8.000e+01
  6.600e+00 0.000e+00]
 [0.000e+00 0.000e+00 1.040e+01 0.000e+00 2.000e-01 0.000e+00 8.520e+01
  2.000e-01 0.000e+00]
 [0.000e+00 0.000e+00 0.000e+00 0.000e+00 0.000e+00 0.000e+00 9.600e+01
  0.000e+00 0.000e+00]
 [0.000e+00 4.000e-01 0.000e+00 0.000e+00 7.400e+00 8.000e+00 6.960e+01
  1.060e+01 0.000e+00]
 [0.000e+00 0.000e+00 0.000e+00 0.000e+00 3.600e+00 6.080e+01 7.600e+00
  2.400e+01 0.000e+00]
 [0.000e+00 0.000e+00 0.000e+00 0.000e+00 0.000e+00 0.000e+00 2.876e+02
  4.000e-01 0.000e+00]
 [0.000e+00 0.000e+00 0.000e+00 0.000e+00 4.000e-01 2.400e+00 3.780e+01
  7.940e+01 0.000e+00]
 [0.000e+00 0.000e+00 0.000e+00 0.000e+00 0.000e+00 1.200e+00 7.200e+01
  2.280e+01 0.000e+00]]
Total time elapsed: 31.6362s