Mean accuracy: 0.5619 (std=0.015)
Mean F1 score: 0.5222 (std=0.020)
Mean confusion matrix:
[[ 75.   16.8   4.2   0.    0.    0.    0.    0.    0. ]
 [  4.8  74.    3.8   4.8   2.    0.    1.4   3.    2.2]
 [  0.2  13.   81.2   0.4   0.6   0.    0.2   0.    0.4]
 [  1.6   0.    0.   76.6   1.    0.    4.6   0.2  12. ]
 [  0.    0.    0.    0.   96.    0.    0.    0.    0. ]
 [  0.    0.    0.    0.    8.   88.    0.    0.    0. ]
 [101.4  14.6  27.6  59.    1.    0.   68.8   0.2  15.4]
 [  3.   42.2   2.4   8.2  31.    0.2   0.2  17.   15.8]
 [ 12.8  15.2   0.   14.6  16.4   6.8   0.    0.   30.2]]
Total time elapsed: 55.2435s