Mean accuracy: 0.3565 (std=0.0124)
Mean F1 score: 0.3438 (std=0.0090)
Mean confusion matrix:
[[ 95.2   0.    0.    0.    0.    0.    0.2   0.    0.6]
 [ 27.6  18.8   6.8   0.2   0.2   0.   25.4   0.8  16.2]
 [ 21.8  10.4  57.2   0.    0.    0.    5.4   0.    1.2]
 [ 45.2  10.4   1.    9.    0.    0.   23.6   0.    6.8]
 [ 48.8   1.2   0.2   0.    5.4   0.   21.4   0.2  18.8]
 [ 14.2   0.4   0.    0.    2.    9.2  16.6   4.6  49. ]
 [143.8   6.6   1.4   0.    0.    0.  113.4   1.2  21.6]
 [ 24.6   0.4   0.    0.    5.    9.8  22.8  41.   16.4]
 [ 33.6   0.2   0.    0.    1.4   2.2  10.8  12.   35.8]]
Total time elapsed: 56.6170s