Mean accuracy: 0.9980 (std=0.001)
Mean F1 score: 0.9980 (std=0.001)
Mean confusion matrix:
[[9.560e+01 0.000e+00 2.000e-01 0.000e+00 0.000e+00 2.000e-01 0.000e+00
  0.000e+00 0.000e+00]
 [0.000e+00 9.600e+01 0.000e+00 0.000e+00 0.000e+00 0.000e+00 0.000e+00
  0.000e+00 0.000e+00]
 [0.000e+00 0.000e+00 9.600e+01 0.000e+00 0.000e+00 0.000e+00 0.000e+00
  0.000e+00 0.000e+00]
 [0.000e+00 0.000e+00 0.000e+00 9.560e+01 0.000e+00 0.000e+00 0.000e+00
  2.000e-01 2.000e-01]
 [0.000e+00 0.000e+00 0.000e+00 0.000e+00 9.600e+01 0.000e+00 0.000e+00
  0.000e+00 0.000e+00]
 [0.000e+00 0.000e+00 0.000e+00 0.000e+00 0.000e+00 9.600e+01 0.000e+00
  0.000e+00 0.000e+00]
 [0.000e+00 0.000e+00 2.000e-01 2.000e-01 0.000e+00 0.000e+00 2.870e+02
  6.000e-01 0.000e+00]
 [0.000e+00 2.000e-01 0.000e+00 0.000e+00 0.000e+00 0.000e+00 0.000e+00
  1.196e+02 2.000e-01]
 [0.000e+00 0.000e+00 0.000e+00 0.000e+00 0.000e+00 0.000e+00 0.000e+00
  0.000e+00 9.600e+01]]
Total time elapsed: 13759.5283s