Mean accuracy: 0.3274 (std=0.005)
Mean F1 score: 0.1903 (std=0.004)
Mean confusion matrix:
[[  0.    0.    0.    0.    0.    0.   96.    0.    0. ]
 [  0.    0.    0.    0.    0.    0.   96.    0.    0. ]
 [  0.    0.    0.    0.    0.    0.   96.    0.    0. ]
 [  0.    0.    0.    0.    0.    0.   96.    0.    0. ]
 [  0.    0.    0.    0.    0.    0.   96.    0.    0. ]
 [  0.    0.    0.    0.    0.    0.   92.4   3.6   0. ]
 [  0.    0.    0.    0.    0.    0.  288.    0.    0. ]
 [  0.    0.    0.    0.    0.    0.   54.4  65.6   0. ]
 [  0.    0.    0.    0.    0.    0.   77.8  18.2   0. ]]
Total time elapsed: 324119.4876s