Mean accuracy: 0.9959 (std=0.003)
Mean F1 score: 0.9959 (std=0.003)
Mean confusion matrix:
[[9.500e+01 2.000e-01 4.000e-01 0.000e+00 0.000e+00 4.000e-01 0.000e+00
  0.000e+00 0.000e+00]
 [0.000e+00 9.600e+01 0.000e+00 0.000e+00 0.000e+00 0.000e+00 0.000e+00
  0.000e+00 0.000e+00]
 [0.000e+00 0.000e+00 9.520e+01 0.000e+00 0.000e+00 2.000e-01 4.000e-01
  0.000e+00 2.000e-01]
 [0.000e+00 0.000e+00 0.000e+00 9.580e+01 0.000e+00 0.000e+00 2.000e-01
  0.000e+00 0.000e+00]
 [0.000e+00 0.000e+00 0.000e+00 0.000e+00 9.600e+01 0.000e+00 0.000e+00
  0.000e+00 0.000e+00]
 [0.000e+00 0.000e+00 0.000e+00 0.000e+00 0.000e+00 9.600e+01 0.000e+00
  0.000e+00 0.000e+00]
 [0.000e+00 0.000e+00 0.000e+00 0.000e+00 0.000e+00 0.000e+00 2.876e+02
  4.000e-01 0.000e+00]
 [0.000e+00 0.000e+00 0.000e+00 0.000e+00 0.000e+00 0.000e+00 0.000e+00
  1.200e+02 0.000e+00]
 [0.000e+00 0.000e+00 0.000e+00 1.200e+00 8.000e-01 0.000e+00 0.000e+00
  0.000e+00 9.400e+01]]
Total time elapsed: 1488.5275s