Mean accuracy: 0.9165 (std=0.018)
Mean F1 score: 0.9156 (std=0.018)
Mean confusion matrix:
[[9.240e+01 0.000e+00 1.200e+00 6.000e-01 0.000e+00 6.000e-01 4.000e-01
  8.000e-01 0.000e+00]
 [0.000e+00 9.600e+01 0.000e+00 0.000e+00 0.000e+00 0.000e+00 0.000e+00
  0.000e+00 0.000e+00]
 [6.600e+00 0.000e+00 8.520e+01 1.000e+00 0.000e+00 2.000e-01 2.800e+00
  0.000e+00 2.000e-01]
 [5.400e+00 2.000e-01 8.000e-01 8.300e+01 0.000e+00 2.800e+00 3.200e+00
  6.000e-01 0.000e+00]
 [2.000e-01 2.000e-01 0.000e+00 6.000e-01 9.080e+01 0.000e+00 4.000e+00
  0.000e+00 2.000e-01]
 [0.000e+00 0.000e+00 0.000e+00 2.000e-01 0.000e+00 9.440e+01 1.000e+00
  4.000e-01 0.000e+00]
 [4.000e-01 0.000e+00 7.000e+00 1.000e+00 2.000e-01 8.000e-01 2.708e+02
  3.600e+00 4.200e+00]
 [2.200e+00 0.000e+00 0.000e+00 4.600e+00 2.000e-01 1.200e+00 6.600e+00
  1.052e+02 0.000e+00]
 [0.000e+00 0.000e+00 6.000e-01 8.000e-01 0.000e+00 6.000e-01 1.320e+01
  8.800e+00 7.200e+01]]
Total time elapsed: 371.7149s