Mean accuracy: 0.4165 (std=0.020)
Mean F1 score: 0.3266 (std=0.021)
Mean confusion matrix:
[[0.000e+00 0.000e+00 0.000e+00 0.000e+00 0.000e+00 0.000e+00 9.600e+01
  0.000e+00 0.000e+00]
 [0.000e+00 1.160e+01 1.400e+00 4.000e-01 2.800e+00 5.600e+00 6.460e+01
  8.600e+00 1.000e+00]
 [0.000e+00 2.000e-01 4.100e+01 0.000e+00 0.000e+00 0.000e+00 5.480e+01
  0.000e+00 0.000e+00]
 [0.000e+00 0.000e+00 0.000e+00 0.000e+00 0.000e+00 0.000e+00 9.600e+01
  0.000e+00 0.000e+00]
 [0.000e+00 1.200e+00 0.000e+00 4.000e-01 3.000e+00 2.600e+00 8.840e+01
  4.000e-01 0.000e+00]
 [0.000e+00 7.800e+00 0.000e+00 2.000e-01 8.600e+00 5.840e+01 1.240e+01
  7.600e+00 1.000e+00]
 [0.000e+00 1.000e+00 8.000e-01 2.000e-01 1.200e+00 4.000e-01 2.838e+02
  6.000e-01 0.000e+00]
 [0.000e+00 3.000e+00 0.000e+00 0.000e+00 5.800e+00 1.200e+01 4.440e+01
  5.040e+01 4.400e+00]
 [0.000e+00 0.000e+00 0.000e+00 0.000e+00 0.000e+00 5.000e+00 7.200e+01
  1.740e+01 1.600e+00]]
Total time elapsed: 25.9034s