Mean accuracy: 0.9978 (std=0.003)
Mean F1 score: 0.9978 (std=0.003)
Mean confusion matrix:
[[9.560e+01 0.000e+00 0.000e+00 2.000e-01 0.000e+00 0.000e+00 2.000e-01
  0.000e+00 0.000e+00]
 [0.000e+00 9.600e+01 0.000e+00 0.000e+00 0.000e+00 0.000e+00 0.000e+00
  0.000e+00 0.000e+00]
 [0.000e+00 0.000e+00 9.600e+01 0.000e+00 0.000e+00 0.000e+00 0.000e+00
  0.000e+00 0.000e+00]
 [0.000e+00 0.000e+00 0.000e+00 9.480e+01 0.000e+00 0.000e+00 1.000e+00
  0.000e+00 2.000e-01]
 [0.000e+00 0.000e+00 0.000e+00 0.000e+00 9.600e+01 0.000e+00 0.000e+00
  0.000e+00 0.000e+00]
 [0.000e+00 0.000e+00 0.000e+00 0.000e+00 0.000e+00 9.600e+01 0.000e+00
  0.000e+00 0.000e+00]
 [0.000e+00 0.000e+00 0.000e+00 0.000e+00 0.000e+00 0.000e+00 2.880e+02
  0.000e+00 0.000e+00]
 [0.000e+00 0.000e+00 0.000e+00 0.000e+00 0.000e+00 0.000e+00 2.000e-01
  1.198e+02 0.000e+00]
 [0.000e+00 0.000e+00 0.000e+00 2.000e-01 0.000e+00 0.000e+00 4.000e-01
  0.000e+00 9.540e+01]]
Total time elapsed: 16825.3153s