Mean accuracy: 0.3670 (std=0.015)
Mean F1 score: 0.3618 (std=0.014)
Mean confusion matrix:
[[ 42.    4.2   2.   10.6   3.    0.2  24.6   6.6   2.8]
 [  7.4  17.   13.2   9.6   8.    0.   21.   13.2   6.6]
 [  4.6  12.   34.6   5.2   6.4   0.   22.8   5.4   5. ]
 [ 12.6  10.6   5.4  16.    7.    0.   28.2  11.6   4.6]
 [  3.    7.8   9.8   6.6  18.6   0.   29.2   9.6  11.4]
 [  0.8   2.4   0.    3.4   3.4  80.8   0.2   0.8   4.2]
 [ 15.8  13.6  21.6  21.4  19.2   0.  150.6  25.2  20.6]
 [ 10.8  13.   11.4  13.2  13.4   0.2  30.2  14.2  13.6]
 [  4.8   5.4   4.4   3.6  10.    4.6  32.4   8.2  22.6]]
Total time elapsed: 16.7969s