Mean accuracy: 0.5196 (std=0.0079)
Mean F1 score: 0.5439 (std=0.0092)
Mean confusion matrix:
[[2.440e+01 1.390e+02 0.000e+00 0.000e+00 6.000e-01 0.000e+00 0.000e+00
  6.400e+00 0.000e+00]
 [8.000e-01 1.594e+02 8.000e-01 0.000e+00 5.000e+00 0.000e+00 6.000e-01
  2.200e+00 1.800e+00]
 [5.000e+00 7.660e+01 3.160e+01 0.000e+00 2.220e+01 2.000e-01 9.000e+00
  2.040e+01 5.000e+00]
 [9.800e+00 3.040e+01 6.000e+00 9.060e+01 1.740e+01 0.000e+00 1.800e+00
  1.060e+01 3.000e+00]
 [8.000e-01 4.880e+01 1.800e+00 0.000e+00 8.460e+01 0.000e+00 4.600e+00
  6.000e-01 0.000e+00]
 [0.000e+00 1.200e+00 1.040e+01 1.200e+00 3.480e+01 1.160e+02 6.800e+00
  2.000e-01 0.000e+00]
 [3.560e+01 5.700e+01 2.100e+01 0.000e+00 4.340e+01 0.000e+00 2.574e+02
  2.360e+01 4.740e+01]
 [2.400e+00 1.098e+02 0.000e+00 0.000e+00 6.000e-01 0.000e+00 0.000e+00
  5.720e+01 2.000e-01]
 [2.260e+01 5.600e+01 8.000e+00 0.000e+00 4.540e+01 0.000e+00 4.840e+01
  1.900e+01 2.888e+02]]
Total time elapsed: 698.8878s