Mean accuracy: 0.3022 (std=0.008)
Mean F1 score: 0.2785 (std=0.008)
Mean confusion matrix:
[[3.240e+01 0.000e+00 2.000e+00 4.000e-01 2.000e+00 2.000e-01 8.580e+01
  3.800e+00 4.380e+01]
 [3.800e+00 8.740e+01 6.000e-01 2.200e+00 0.000e+00 4.000e-01 4.540e+01
  4.000e-01 3.040e+01]
 [5.400e+00 4.600e+00 1.280e+01 2.000e+00 6.000e-01 8.000e-01 5.840e+01
  2.740e+01 5.800e+01]
 [2.800e+00 2.000e+00 6.000e+00 2.800e+01 2.000e+00 3.200e+00 6.060e+01
  2.800e+00 6.220e+01]
 [1.120e+01 4.600e+00 3.800e+00 2.000e+00 3.200e+00 4.000e-01 4.640e+01
  1.600e+01 5.360e+01]
 [4.200e+00 1.220e+01 3.800e+00 7.000e+00 2.600e+00 1.100e+01 6.720e+01
  3.600e+00 5.900e+01]
 [1.500e+01 5.000e+00 1.100e+01 2.360e+01 4.600e+00 1.000e+01 2.472e+02
  8.400e+00 1.606e+02]
 [1.600e+00 2.600e+00 3.200e+00 0.000e+00 1.000e+00 1.400e+00 5.340e+01
  5.460e+01 5.240e+01]
 [1.360e+01 2.260e+01 1.620e+01 4.440e+01 6.800e+00 1.480e+01 1.852e+02
  1.560e+01 1.690e+02]]
Total time elapsed: 2.7210s