Mean accuracy: 0.9354 (std=0.007)
Mean F1 score: 0.9352 (std=0.007)
Mean confusion matrix:
[[1.638e+02 1.400e+00 6.000e-01 0.000e+00 0.000e+00 0.000e+00 0.000e+00
  4.600e+00 0.000e+00]
 [1.000e+00 1.524e+02 3.000e+00 0.000e+00 5.600e+00 4.000e-01 4.000e+00
  0.000e+00 4.200e+00]
 [2.200e+00 8.000e-01 1.440e+02 0.000e+00 2.600e+00 3.600e+00 3.000e+00
  2.000e+00 1.180e+01]
 [2.000e-01 4.000e-01 6.000e-01 1.654e+02 2.000e-01 0.000e+00 6.000e-01
  0.000e+00 2.200e+00]
 [0.000e+00 4.800e+00 2.000e+00 0.000e+00 1.322e+02 1.400e+00 6.000e-01
  0.000e+00 2.000e-01]
 [0.000e+00 0.000e+00 2.000e-01 0.000e+00 4.000e-01 1.670e+02 2.000e-01
  0.000e+00 2.800e+00]
 [1.200e+00 8.000e-01 6.600e+00 2.000e-01 1.600e+00 0.000e+00 4.614e+02
  4.000e-01 1.320e+01]
 [2.600e+00 0.000e+00 6.000e-01 0.000e+00 0.000e+00 0.000e+00 0.000e+00
  1.666e+02 4.000e-01]
 [8.000e-01 4.800e+00 5.200e+00 1.800e+00 4.000e-01 2.600e+00 2.720e+01
  0.000e+00 4.454e+02]]
Total time elapsed: 750.6893s