Mean accuracy: 0.9985 (std=0.001)
Mean F1 score: 0.9985 (std=0.001)
Mean confusion matrix:
[[1.704e+02 0.000e+00 0.000e+00 0.000e+00 0.000e+00 0.000e+00 0.000e+00
  0.000e+00 0.000e+00]
 [0.000e+00 1.698e+02 0.000e+00 0.000e+00 0.000e+00 0.000e+00 2.000e-01
  0.000e+00 6.000e-01]
 [0.000e+00 0.000e+00 1.698e+02 0.000e+00 0.000e+00 2.000e-01 0.000e+00
  0.000e+00 0.000e+00]
 [0.000e+00 0.000e+00 0.000e+00 1.696e+02 0.000e+00 0.000e+00 0.000e+00
  0.000e+00 0.000e+00]
 [2.000e-01 0.000e+00 6.000e-01 0.000e+00 1.402e+02 0.000e+00 0.000e+00
  0.000e+00 2.000e-01]
 [0.000e+00 0.000e+00 2.000e-01 0.000e+00 0.000e+00 1.704e+02 0.000e+00
  0.000e+00 0.000e+00]
 [0.000e+00 0.000e+00 2.000e-01 0.000e+00 0.000e+00 0.000e+00 4.852e+02
  0.000e+00 0.000e+00]
 [0.000e+00 0.000e+00 4.000e-01 0.000e+00 2.000e-01 0.000e+00 0.000e+00
  1.696e+02 0.000e+00]
 [0.000e+00 0.000e+00 0.000e+00 0.000e+00 0.000e+00 0.000e+00 2.000e-01
  0.000e+00 4.880e+02]]
Total time elapsed: 56698.1870s