Mean accuracy: 0.8141 (std=0.0091)
Mean F1 score: 0.8141 (std=0.0094)
Mean confusion matrix:
[[1.400e+02 1.800e+00 0.000e+00 0.000e+00 2.000e-01 0.000e+00 1.800e+00
  2.640e+01 2.000e-01]
 [2.720e+01 1.154e+02 2.000e+00 0.000e+00 6.400e+00 0.000e+00 1.200e+00
  8.800e+00 9.600e+00]
 [7.000e+00 2.000e+00 1.098e+02 1.200e+00 6.000e+00 4.400e+00 1.780e+01
  5.200e+00 1.660e+01]
 [4.000e-01 0.000e+00 6.000e-01 1.326e+02 6.000e-01 0.000e+00 9.200e+00
  0.000e+00 2.620e+01]
 [9.200e+00 1.820e+01 4.400e+00 4.000e-01 9.700e+01 0.000e+00 8.000e-01
  4.600e+00 6.600e+00]
 [0.000e+00 0.000e+00 1.200e+00 0.000e+00 2.000e-01 1.638e+02 2.000e+00
  0.000e+00 3.400e+00]
 [1.220e+01 1.600e+00 1.800e+01 0.000e+00 4.200e+00 0.000e+00 4.148e+02
  4.000e+00 3.060e+01]
 [4.500e+01 1.300e+01 4.000e-01 0.000e+00 8.000e-01 0.000e+00 1.000e+00
  1.088e+02 1.200e+00]
 [1.600e+00 1.600e+00 2.200e+00 2.000e-01 6.000e-01 4.000e-01 2.360e+01
  1.200e+00 4.568e+02]]
Total time elapsed: 1086.9498s