Mean accuracy: 0.9153 (std=0.008)
Mean F1 score: 0.9147 (std=0.008)
Mean confusion matrix:
[[1.636e+02 0.000e+00 2.000e-01 0.000e+00 0.000e+00 0.000e+00 0.000e+00
  6.600e+00 0.000e+00]
 [4.400e+00 1.496e+02 4.600e+00 0.000e+00 2.800e+00 2.000e-01 1.400e+00
  4.000e-01 7.200e+00]
 [3.400e+00 4.000e-01 1.318e+02 0.000e+00 6.400e+00 7.200e+00 2.400e+00
  8.400e+00 1.000e+01]
 [2.000e-01 2.000e-01 0.000e+00 1.624e+02 0.000e+00 0.000e+00 1.200e+00
  0.000e+00 5.600e+00]
 [1.000e+00 5.400e+00 5.800e+00 2.000e-01 1.218e+02 4.800e+00 8.000e-01
  8.000e-01 6.000e-01]
 [0.000e+00 0.000e+00 4.000e-01 2.000e-01 2.400e+00 1.656e+02 4.000e-01
  0.000e+00 1.600e+00]
 [2.000e+00 6.000e-01 1.100e+01 2.000e-01 3.400e+00 1.800e+00 4.604e+02
  8.000e-01 5.200e+00]
 [2.200e+00 0.000e+00 2.000e-01 0.000e+00 0.000e+00 0.000e+00 0.000e+00
  1.674e+02 4.000e-01]
 [1.600e+00 4.400e+00 6.000e+00 1.400e+00 0.000e+00 1.600e+00 4.000e+01
  6.000e-01 4.326e+02]]
Total time elapsed: 10460.5956s