Mean accuracy: 0.7173 (std=0.010)
Mean F1 score: 0.6881 (std=0.014)
Mean confusion matrix:
[[1.612e+02 2.000e+00 0.000e+00 0.000e+00 0.000e+00 0.000e+00 0.000e+00
  6.800e+00 4.000e-01]
 [2.900e+01 1.136e+02 0.000e+00 0.000e+00 0.000e+00 0.000e+00 2.800e+00
  1.200e+00 2.400e+01]
 [1.740e+01 3.600e+00 2.860e+01 0.000e+00 2.200e+00 1.200e+00 5.840e+01
  6.200e+00 5.240e+01]
 [0.000e+00 0.000e+00 0.000e+00 5.180e+01 0.000e+00 0.000e+00 5.260e+01
  0.000e+00 6.520e+01]
 [1.580e+01 2.220e+01 1.000e+00 0.000e+00 5.580e+01 8.000e-01 8.400e+00
  3.200e+00 3.400e+01]
 [0.000e+00 0.000e+00 0.000e+00 0.000e+00 0.000e+00 1.602e+02 5.200e+00
  0.000e+00 5.200e+00]
 [8.400e+00 2.000e-01 1.800e+00 0.000e+00 4.000e-01 0.000e+00 4.252e+02
  1.000e+00 4.840e+01]
 [7.000e+01 1.720e+01 0.000e+00 0.000e+00 0.000e+00 0.000e+00 1.400e+00
  7.920e+01 2.400e+00]
 [8.000e-01 4.000e-01 0.000e+00 0.000e+00 0.000e+00 0.000e+00 2.980e+01
  4.000e-01 4.568e+02]]
Total time elapsed: 88.2601s