Mean accuracy: 0.9952 (std=0.003)
Mean F1 score: 0.9952 (std=0.003)
Mean confusion matrix:
[[1.662e+02 0.000e+00 0.000e+00 0.000e+00 0.000e+00 0.000e+00 0.000e+00
  4.200e+00 0.000e+00]
 [0.000e+00 1.696e+02 2.000e-01 0.000e+00 0.000e+00 0.000e+00 2.000e-01
  0.000e+00 6.000e-01]
 [0.000e+00 0.000e+00 1.690e+02 0.000e+00 2.000e-01 4.000e-01 4.000e-01
  0.000e+00 0.000e+00]
 [0.000e+00 0.000e+00 0.000e+00 1.696e+02 0.000e+00 0.000e+00 0.000e+00
  0.000e+00 0.000e+00]
 [0.000e+00 0.000e+00 4.000e-01 0.000e+00 1.390e+02 2.000e-01 1.200e+00
  0.000e+00 4.000e-01]
 [0.000e+00 0.000e+00 0.000e+00 0.000e+00 0.000e+00 1.706e+02 0.000e+00
  0.000e+00 0.000e+00]
 [0.000e+00 0.000e+00 4.000e-01 0.000e+00 0.000e+00 0.000e+00 4.850e+02
  0.000e+00 0.000e+00]
 [1.200e+00 0.000e+00 0.000e+00 0.000e+00 0.000e+00 0.000e+00 0.000e+00
  1.688e+02 2.000e-01]
 [0.000e+00 0.000e+00 0.000e+00 0.000e+00 0.000e+00 0.000e+00 0.000e+00
  0.000e+00 4.882e+02]]
Total time elapsed: 5282.9163s