Mean accuracy: 0.9800 (std=0.0056)
Mean F1 score: 0.9800 (std=0.0056)
Mean confusion matrix:
[[1.564e+02 0.000e+00 0.000e+00 0.000e+00 0.000e+00 0.000e+00 8.000e-01
  1.300e+01 2.000e-01]
 [6.000e-01 1.680e+02 0.000e+00 0.000e+00 8.000e-01 0.000e+00 0.000e+00
  0.000e+00 1.200e+00]
 [0.000e+00 2.000e-01 1.664e+02 0.000e+00 2.400e+00 0.000e+00 6.000e-01
  4.000e-01 0.000e+00]
 [0.000e+00 0.000e+00 0.000e+00 1.696e+02 0.000e+00 0.000e+00 0.000e+00
  0.000e+00 0.000e+00]
 [0.000e+00 2.000e-01 1.600e+00 0.000e+00 1.368e+02 2.000e-01 2.000e-01
  1.400e+00 8.000e-01]
 [0.000e+00 0.000e+00 0.000e+00 0.000e+00 0.000e+00 1.706e+02 0.000e+00
  0.000e+00 0.000e+00]
 [1.000e+00 0.000e+00 2.000e+00 0.000e+00 1.000e+00 0.000e+00 4.792e+02
  2.200e+00 0.000e+00]
 [8.800e+00 4.000e-01 0.000e+00 0.000e+00 6.000e-01 0.000e+00 8.000e-01
  1.594e+02 2.000e-01]
 [0.000e+00 0.000e+00 2.000e-01 0.000e+00 2.000e-01 0.000e+00 2.000e-01
  6.000e-01 4.870e+02]]
Total time elapsed: 2841.7724s