Mean accuracy: 0.3152 (std=0.009)
Mean F1 score: 0.3112 (std=0.007)
Mean confusion matrix:
[[ 63.2   0.    5.8   1.2  13.2   0.8  52.4   4.4  29.4]
 [ 19.2  81.    3.2   4.6   2.    9.2  22.6   5.2  23.6]
 [ 12.    3.4  32.    4.    4.2  10.6  33.   29.8  41. ]
 [  7.8   7.4  12.6  32.8  10.    2.4  43.4   7.4  45.8]
 [ 19.2   4.2   8.    2.2  13.6   0.   31.6  20.8  41.6]
 [  6.4  12.    7.4   7.6   6.4  73.2  26.4   7.4  23.8]
 [ 18.4  15.6  23.8  32.6  18.6  55.2 181.4  15.8 124. ]
 [  0.8   4.6   5.4   0.    7.   21.6  31.   64.2  35.6]
 [ 32.   21.2  30.4  63.   21.6  30.2 121.   36.8 132. ]]
Total time elapsed: 168.2508s