Mean accuracy: 1.0000 (std=0.000)
Mean F1 score: 1.0000 (std=0.000)
Mean confusion matrix:
[[170.4   0.    0.    0.    0.    0.    0.    0.    0. ]
 [  0.  170.6   0.    0.    0.    0.    0.    0.    0. ]
 [  0.    0.  170.    0.    0.    0.    0.    0.    0. ]
 [  0.    0.    0.  169.6   0.    0.    0.    0.    0. ]
 [  0.    0.    0.    0.  141.2   0.    0.    0.    0. ]
 [  0.    0.    0.    0.    0.  170.6   0.    0.    0. ]
 [  0.    0.    0.    0.    0.    0.  485.4   0.    0. ]
 [  0.    0.    0.    0.    0.    0.    0.  170.2   0. ]
 [  0.    0.    0.    0.    0.    0.    0.    0.  488.2]]
Total time elapsed: 207.0665s