Mean accuracy: 0.9980 (std=0.0009)
Mean F1 score: 0.9980 (std=0.0009)
Mean confusion matrix:
[[1.704e+02 0.000e+00 0.000e+00 0.000e+00 0.000e+00 0.000e+00 0.000e+00
  0.000e+00 0.000e+00]
 [0.000e+00 1.684e+02 2.000e-01 0.000e+00 0.000e+00 0.000e+00 0.000e+00
  0.000e+00 2.000e+00]
 [0.000e+00 0.000e+00 1.686e+02 0.000e+00 0.000e+00 0.000e+00 1.400e+00
  0.000e+00 0.000e+00]
 [0.000e+00 0.000e+00 0.000e+00 1.696e+02 0.000e+00 0.000e+00 0.000e+00
  0.000e+00 0.000e+00]
 [0.000e+00 0.000e+00 0.000e+00 2.000e-01 1.408e+02 0.000e+00 2.000e-01
  0.000e+00 0.000e+00]
 [0.000e+00 0.000e+00 0.000e+00 0.000e+00 0.000e+00 1.706e+02 0.000e+00
  0.000e+00 0.000e+00]
 [0.000e+00 0.000e+00 0.000e+00 0.000e+00 0.000e+00 0.000e+00 4.854e+02
  0.000e+00 0.000e+00]
 [0.000e+00 0.000e+00 0.000e+00 0.000e+00 0.000e+00 0.000e+00 2.000e-01
  1.700e+02 0.000e+00]
 [0.000e+00 0.000e+00 0.000e+00 0.000e+00 0.000e+00 0.000e+00 0.000e+00
  0.000e+00 4.882e+02]]
Total time elapsed: 699.0506s