Mean accuracy: 0.6557 (std=0.007)
Mean F1 score: 0.6474 (std=0.009)
Mean confusion matrix:
[[1.510e+02 3.800e+00 6.000e-01 0.000e+00 0.000e+00 0.000e+00 2.000e-01
  1.480e+01 0.000e+00]
 [4.980e+01 8.640e+01 4.200e+00 6.000e-01 2.600e+00 0.000e+00 8.400e+00
  1.780e+01 8.000e-01]
 [2.980e+01 2.040e+01 5.360e+01 1.400e+00 7.800e+00 5.000e+00 2.080e+01
  1.980e+01 1.140e+01]
 [0.000e+00 2.000e-01 1.800e+01 9.360e+01 7.000e+00 0.000e+00 4.300e+01
  0.000e+00 7.800e+00]
 [2.660e+01 1.020e+01 2.340e+01 3.600e+00 2.760e+01 1.000e+00 3.460e+01
  1.400e+01 2.000e-01]
 [0.000e+00 0.000e+00 8.000e-01 0.000e+00 1.400e+00 1.670e+02 1.000e+00
  0.000e+00 4.000e-01]
 [2.080e+01 6.800e+00 2.200e+01 1.600e+00 1.240e+01 0.000e+00 3.668e+02
  5.400e+00 4.960e+01]
 [2.840e+01 2.040e+01 2.400e+00 0.000e+00 2.000e-01 0.000e+00 6.000e-01
  1.180e+02 2.000e-01]
 [1.800e+00 3.000e+00 1.620e+01 1.900e+01 5.000e+00 6.000e-01 1.024e+02
  3.600e+00 3.366e+02]]
Total time elapsed: 206.3110s