Mean accuracy: 0.4151 (std=0.014)
Mean F1 score: 0.3997 (std=0.016)
Mean confusion matrix:
[[1.704e+02 0.000e+00 0.000e+00 0.000e+00 0.000e+00 0.000e+00 0.000e+00
  0.000e+00 0.000e+00]
 [1.416e+02 2.500e+01 0.000e+00 0.000e+00 0.000e+00 0.000e+00 0.000e+00
  4.000e+00 0.000e+00]
 [1.276e+02 2.000e-01 2.560e+01 0.000e+00 2.000e-01 1.640e+01 0.000e+00
  0.000e+00 0.000e+00]
 [0.000e+00 1.200e+00 0.000e+00 1.662e+02 0.000e+00 0.000e+00 0.000e+00
  0.000e+00 2.200e+00]
 [1.270e+02 1.020e+01 0.000e+00 6.000e-01 3.200e+00 0.000e+00 0.000e+00
  2.000e-01 0.000e+00]
 [2.000e-01 0.000e+00 0.000e+00 0.000e+00 8.000e-01 1.696e+02 0.000e+00
  0.000e+00 0.000e+00]
 [1.460e+02 0.000e+00 1.180e+01 0.000e+00 0.000e+00 6.580e+01 2.488e+02
  1.240e+01 6.000e-01]
 [1.458e+02 0.000e+00 0.000e+00 0.000e+00 0.000e+00 0.000e+00 0.000e+00
  2.440e+01 0.000e+00]
 [4.140e+01 2.220e+02 1.800e+00 0.000e+00 0.000e+00 1.076e+02 0.000e+00
  6.180e+01 5.360e+01]]
Total time elapsed: 210.1192s