Mean accuracy: 0.9582 (std=0.016)
Mean F1 score: 0.9578 (std=0.017)
Mean confusion matrix:
[[1.688e+02 6.000e-01 0.000e+00 0.000e+00 2.000e-01 0.000e+00 2.000e-01
  6.000e-01 0.000e+00]
 [3.600e+00 1.496e+02 5.800e+00 4.000e-01 2.000e-01 2.000e-01 5.400e+00
  6.000e-01 4.800e+00]
 [7.000e+00 4.000e-01 1.508e+02 0.000e+00 0.000e+00 1.000e+00 5.400e+00
  1.200e+00 4.200e+00]
 [0.000e+00 0.000e+00 0.000e+00 1.696e+02 0.000e+00 0.000e+00 0.000e+00
  0.000e+00 0.000e+00]
 [2.000e-01 2.000e-01 1.000e+00 4.000e-01 1.304e+02 0.000e+00 0.000e+00
  2.000e+00 7.000e+00]
 [0.000e+00 0.000e+00 6.000e-01 0.000e+00 0.000e+00 1.654e+02 3.600e+00
  0.000e+00 1.000e+00]
 [0.000e+00 4.000e-01 2.000e+00 0.000e+00 0.000e+00 2.000e-01 4.826e+02
  2.000e-01 0.000e+00]
 [3.000e+00 0.000e+00 0.000e+00 4.000e-01 4.000e-01 4.000e-01 8.000e-01
  1.652e+02 0.000e+00]
 [0.000e+00 3.800e+00 5.000e+00 4.000e-01 1.120e+01 2.000e-01 2.000e-01
  2.800e+00 4.646e+02]]
Total time elapsed: 33136.5842s