Mean accuracy: 0.2646 (std=0.009)
Mean F1 score: 0.2536 (std=0.009)
Mean confusion matrix:
[[154.4  15.8   0.    0.    0.    0.    0.    0.2   0. ]
 [ 96.2  46.    3.4   2.8  12.4   0.2   0.2   9.4   0. ]
 [ 10.   45.8  12.6  21.   23.    7.6   6.   35.4   8.6]
 [  0.    0.   54.8   8.2  82.4  11.6   0.    0.   12.6]
 [ 24.6  17.2  27.2  17.6  37.2   0.2   0.4  16.6   0.2]
 [  0.    0.    1.2  35.    0.   44.6  55.    0.   34.8]
 [  1.   15.2  30.8  93.2  55.8  43.8 170.   33.2  42.4]
 [100.   43.6  17.6   1.    1.    0.2   0.    1.    5.8]
 [  0.6   3.4  26.   57.2  30.2  92.  181.2   6.4  91.2]]
Total time elapsed: 1.2369s