Mean accuracy: 0.9893 (std=0.0101)
Mean F1 score: 0.9893 (std=0.0100)
Mean confusion matrix:
[[9.400e+01 0.000e+00 8.000e-01 0.000e+00 2.000e-01 2.000e-01 8.000e-01
  0.000e+00 0.000e+00]
 [2.000e-01 9.500e+01 4.000e-01 0.000e+00 4.000e-01 0.000e+00 0.000e+00
  0.000e+00 0.000e+00]
 [2.800e+00 0.000e+00 9.000e+01 0.000e+00 1.600e+00 0.000e+00 1.600e+00
  0.000e+00 0.000e+00]
 [0.000e+00 0.000e+00 0.000e+00 9.600e+01 0.000e+00 0.000e+00 0.000e+00
  0.000e+00 0.000e+00]
 [4.000e-01 0.000e+00 1.400e+00 0.000e+00 9.420e+01 0.000e+00 0.000e+00
  0.000e+00 0.000e+00]
 [0.000e+00 0.000e+00 0.000e+00 0.000e+00 0.000e+00 9.600e+01 0.000e+00
  0.000e+00 0.000e+00]
 [2.200e+00 0.000e+00 0.000e+00 0.000e+00 4.000e-01 0.000e+00 2.854e+02
  0.000e+00 0.000e+00]
 [0.000e+00 0.000e+00 0.000e+00 0.000e+00 0.000e+00 0.000e+00 0.000e+00
  9.600e+01 0.000e+00]
 [0.000e+00 0.000e+00 0.000e+00 0.000e+00 0.000e+00 0.000e+00 0.000e+00
  0.000e+00 2.880e+02]]
Total time elapsed: 653.9093s