Mean accuracy: 0.9962 (std=0.002)
Mean F1 score: 0.9961 (std=0.002)
Mean confusion matrix:
[[9.580e+01 0.000e+00 2.000e-01 0.000e+00 0.000e+00 0.000e+00 0.000e+00
  0.000e+00 0.000e+00]
 [2.000e-01 9.440e+01 6.000e-01 0.000e+00 6.000e-01 0.000e+00 0.000e+00
  0.000e+00 2.000e-01]
 [6.000e-01 0.000e+00 9.360e+01 0.000e+00 0.000e+00 0.000e+00 1.400e+00
  4.000e-01 0.000e+00]
 [0.000e+00 0.000e+00 0.000e+00 9.600e+01 0.000e+00 0.000e+00 0.000e+00
  0.000e+00 0.000e+00]
 [0.000e+00 0.000e+00 0.000e+00 0.000e+00 9.600e+01 0.000e+00 0.000e+00
  0.000e+00 0.000e+00]
 [0.000e+00 0.000e+00 0.000e+00 0.000e+00 0.000e+00 9.600e+01 0.000e+00
  0.000e+00 0.000e+00]
 [0.000e+00 0.000e+00 0.000e+00 0.000e+00 0.000e+00 0.000e+00 2.880e+02
  0.000e+00 0.000e+00]
 [0.000e+00 0.000e+00 2.000e-01 0.000e+00 0.000e+00 0.000e+00 0.000e+00
  9.580e+01 0.000e+00]
 [0.000e+00 0.000e+00 0.000e+00 0.000e+00 4.000e-01 0.000e+00 0.000e+00
  0.000e+00 2.876e+02]]
Total time elapsed: 18506.7097s