Mean accuracy: 0.9917 (std=0.004)
Mean F1 score: 0.9915 (std=0.005)
Mean confusion matrix:
[[9.60e+01 0.00e+00 0.00e+00 0.00e+00 0.00e+00 0.00e+00 0.00e+00 0.00e+00
  0.00e+00]
 [0.00e+00 9.48e+01 2.00e-01 0.00e+00 0.00e+00 6.00e-01 2.00e-01 0.00e+00
  2.00e-01]
 [4.00e-01 0.00e+00 9.38e+01 0.00e+00 2.00e-01 0.00e+00 1.60e+00 0.00e+00
  0.00e+00]
 [0.00e+00 0.00e+00 0.00e+00 9.60e+01 0.00e+00 0.00e+00 0.00e+00 0.00e+00
  0.00e+00]
 [0.00e+00 1.20e+00 6.00e-01 2.00e-01 8.90e+01 0.00e+00 3.80e+00 8.00e-01
  4.00e-01]
 [0.00e+00 0.00e+00 0.00e+00 0.00e+00 0.00e+00 9.60e+01 0.00e+00 0.00e+00
  0.00e+00]
 [0.00e+00 0.00e+00 0.00e+00 0.00e+00 0.00e+00 0.00e+00 2.88e+02 0.00e+00
  0.00e+00]
 [0.00e+00 0.00e+00 0.00e+00 0.00e+00 0.00e+00 0.00e+00 0.00e+00 9.60e+01
  0.00e+00]
 [0.00e+00 0.00e+00 0.00e+00 0.00e+00 0.00e+00 0.00e+00 0.00e+00 0.00e+00
  2.88e+02]]
Total time elapsed: 1713.2609s