Mean accuracy: 0.5300 (std=0.0143)
Mean F1 score: 0.5358 (std=0.0135)
Mean confusion matrix:
[[  5.   29.2  16.    0.    0.    0.    0.   45.8   0. ]
 [  0.2  90.6   4.2   0.    0.    0.    0.    1.    0. ]
 [  0.4  15.6  78.4   0.    0.    0.    0.    1.6   0. ]
 [  0.2   3.6   1.   31.2   2.8   0.    0.   57.2   0. ]
 [  0.   14.4   7.8   0.   36.8   0.    0.   37.    0. ]
 [  2.8   9.4  12.8   0.2  10.8  59.8   0.2   0.    0. ]
 [ 17.4   5.8  37.2   2.6  22.4   0.2 148.6  34.8  19. ]
 [  0.   11.4   0.    0.    0.    0.    0.   84.6   0. ]
 [  2.2  36.4  14.4   0.   58.    0.   17.2  33.4 126.4]]
Total time elapsed: 114.2114s