Mean accuracy: 0.5755 (std=0.008)
Mean F1 score: 0.5653 (std=0.008)
Mean confusion matrix:
[[3.820e+01 1.560e+01 1.800e+01 0.000e+00 7.200e+00 0.000e+00 0.000e+00
  1.700e+01 0.000e+00]
 [1.180e+01 2.600e+01 1.220e+01 2.000e-01 1.640e+01 0.000e+00 1.400e+00
  2.620e+01 1.800e+00]
 [1.380e+01 6.600e+00 2.660e+01 0.000e+00 2.200e+00 0.000e+00 4.000e-01
  4.480e+01 1.600e+00]
 [0.000e+00 0.000e+00 0.000e+00 2.240e+01 0.000e+00 0.000e+00 1.400e+00
  0.000e+00 7.220e+01]
 [1.540e+01 2.080e+01 7.400e+00 0.000e+00 4.880e+01 0.000e+00 0.000e+00
  3.600e+00 0.000e+00]
 [0.000e+00 0.000e+00 0.000e+00 1.200e+00 0.000e+00 8.020e+01 3.800e+00
  0.000e+00 1.080e+01]
 [5.200e+00 5.800e+00 6.000e-01 1.260e+01 1.520e+01 1.760e+01 1.664e+02
  0.000e+00 6.460e+01]
 [1.120e+01 1.200e+00 1.420e+01 0.000e+00 2.000e-01 0.000e+00 0.000e+00
  6.920e+01 0.000e+00]
 [1.200e+00 6.000e-01 0.000e+00 1.280e+01 3.000e+00 4.800e+00 2.520e+01
  0.000e+00 2.404e+02]]
Total time elapsed: 32.0894s