Mean accuracy: 0.9915 (std=0.003)
Mean F1 score: 0.9915 (std=0.003)
Mean confusion matrix:
[[9.520e+01 0.000e+00 8.000e-01 0.000e+00 0.000e+00 0.000e+00 0.000e+00
  0.000e+00 0.000e+00]
 [0.000e+00 9.400e+01 8.000e-01 0.000e+00 2.000e-01 6.000e-01 4.000e-01
  0.000e+00 0.000e+00]
 [2.200e+00 0.000e+00 9.100e+01 0.000e+00 2.000e-01 0.000e+00 2.600e+00
  0.000e+00 0.000e+00]
 [0.000e+00 0.000e+00 0.000e+00 9.600e+01 0.000e+00 0.000e+00 0.000e+00
  0.000e+00 0.000e+00]
 [0.000e+00 0.000e+00 0.000e+00 0.000e+00 9.600e+01 0.000e+00 0.000e+00
  0.000e+00 0.000e+00]
 [0.000e+00 0.000e+00 0.000e+00 0.000e+00 0.000e+00 9.600e+01 0.000e+00
  0.000e+00 0.000e+00]
 [0.000e+00 0.000e+00 1.000e+00 0.000e+00 0.000e+00 0.000e+00 2.870e+02
  0.000e+00 0.000e+00]
 [0.000e+00 2.000e-01 1.200e+00 0.000e+00 2.000e-01 0.000e+00 0.000e+00
  9.440e+01 0.000e+00]
 [0.000e+00 2.000e-01 0.000e+00 0.000e+00 0.000e+00 0.000e+00 0.000e+00
  0.000e+00 2.878e+02]]
Total time elapsed: 14924.4258s