Mean accuracy: 0.9986 (std=0.001)
Mean F1 score: 0.9986 (std=0.001)
Mean confusion matrix:
[[9.600e+01 0.000e+00 0.000e+00 0.000e+00 0.000e+00 0.000e+00 0.000e+00
  0.000e+00 0.000e+00]
 [2.000e-01 9.500e+01 6.000e-01 0.000e+00 0.000e+00 0.000e+00 2.000e-01
  0.000e+00 0.000e+00]
 [0.000e+00 0.000e+00 9.560e+01 0.000e+00 0.000e+00 0.000e+00 4.000e-01
  0.000e+00 0.000e+00]
 [0.000e+00 0.000e+00 0.000e+00 9.600e+01 0.000e+00 0.000e+00 0.000e+00
  0.000e+00 0.000e+00]
 [0.000e+00 0.000e+00 0.000e+00 0.000e+00 9.600e+01 0.000e+00 0.000e+00
  0.000e+00 0.000e+00]
 [0.000e+00 0.000e+00 0.000e+00 0.000e+00 0.000e+00 9.600e+01 0.000e+00
  0.000e+00 0.000e+00]
 [2.000e-01 0.000e+00 0.000e+00 0.000e+00 0.000e+00 0.000e+00 2.878e+02
  0.000e+00 0.000e+00]
 [0.000e+00 0.000e+00 0.000e+00 0.000e+00 0.000e+00 0.000e+00 0.000e+00
  9.600e+01 0.000e+00]
 [2.000e-01 0.000e+00 0.000e+00 0.000e+00 0.000e+00 0.000e+00 0.000e+00
  0.000e+00 2.878e+02]]
Total time elapsed: 20372.8955s