Mean accuracy: 0.5607 (std=0.020)
Mean F1 score: 0.4894 (std=0.025)
Mean confusion matrix:
[[1.980e+01 4.000e-01 6.000e+00 0.000e+00 1.200e+00 0.000e+00 0.000e+00
  2.000e-01 6.840e+01]
 [0.000e+00 1.380e+01 3.800e+00 0.000e+00 6.000e-01 0.000e+00 2.000e-01
  3.100e+01 4.660e+01]
 [1.200e+00 3.800e+00 5.820e+01 0.000e+00 2.000e-01 0.000e+00 4.000e-01
  2.260e+01 9.600e+00]
 [0.000e+00 0.000e+00 0.000e+00 6.600e+00 0.000e+00 0.000e+00 2.660e+01
  0.000e+00 6.280e+01]
 [0.000e+00 4.000e-01 1.600e+00 0.000e+00 1.860e+01 0.000e+00 0.000e+00
  6.800e+00 6.860e+01]
 [0.000e+00 0.000e+00 0.000e+00 0.000e+00 0.000e+00 2.600e+00 9.280e+01
  0.000e+00 6.000e-01]
 [0.000e+00 0.000e+00 0.000e+00 0.000e+00 0.000e+00 0.000e+00 2.098e+02
  0.000e+00 7.820e+01]
 [0.000e+00 0.000e+00 8.000e-01 0.000e+00 0.000e+00 0.000e+00 0.000e+00
  9.480e+01 4.000e-01]
 [0.000e+00 0.000e+00 0.000e+00 0.000e+00 0.000e+00 0.000e+00 1.240e+01
  0.000e+00 2.756e+02]]
Total time elapsed: 37.3927s