Mean accuracy: 0.8248 (std=0.008)
Mean F1 score: 0.8253 (std=0.008)
Mean confusion matrix:
[[8.00e+01 2.40e+00 9.60e+00 0.00e+00 1.20e+00 0.00e+00 0.00e+00 2.80e+00
  0.00e+00]
 [5.80e+00 7.14e+01 4.80e+00 4.00e-01 2.20e+00 2.00e-01 8.00e-01 1.00e+01
  4.00e-01]
 [6.60e+00 1.40e+00 7.98e+01 0.00e+00 4.00e-01 0.00e+00 6.00e-01 6.40e+00
  8.00e-01]
 [0.00e+00 0.00e+00 0.00e+00 7.82e+01 0.00e+00 6.00e-01 3.40e+00 0.00e+00
  1.38e+01]
 [8.80e+00 1.40e+00 3.60e+00 0.00e+00 8.12e+01 0.00e+00 2.00e-01 2.00e-01
  6.00e-01]
 [0.00e+00 0.00e+00 0.00e+00 6.00e-01 0.00e+00 7.96e+01 8.40e+00 0.00e+00
  7.40e+00]
 [9.60e+00 2.00e-01 0.00e+00 8.00e-01 5.80e+00 2.80e+00 2.39e+02 0.00e+00
  2.98e+01]
 [6.00e-01 1.00e+00 4.80e+00 0.00e+00 4.00e-01 0.00e+00 0.00e+00 8.92e+01
  0.00e+00]
 [2.00e-01 0.00e+00 0.00e+00 4.60e+00 5.40e+00 3.20e+00 4.36e+01 0.00e+00
  2.31e+02]]
Total time elapsed: 5340.9138s