Mean accuracy: 0.8699 (std=0.008)
Mean F1 score: 0.8683 (std=0.008)
Mean confusion matrix:
[[5.940e+01 2.800e+00 1.120e+01 2.600e+00 4.800e+00 2.000e-01 4.800e+00
  1.020e+01 0.000e+00]
 [4.600e+00 8.020e+01 1.400e+00 0.000e+00 4.000e+00 1.200e+00 1.000e+00
  1.000e+00 2.600e+00]
 [6.200e+00 8.000e-01 6.760e+01 4.200e+00 1.200e+00 4.000e-01 9.400e+00
  6.200e+00 0.000e+00]
 [6.000e-01 0.000e+00 8.000e-01 9.160e+01 0.000e+00 4.000e-01 1.200e+00
  4.000e-01 1.000e+00]
 [6.400e+00 3.200e+00 1.800e+00 2.000e-01 7.120e+01 2.200e+00 7.600e+00
  1.400e+00 2.000e+00]
 [8.000e-01 2.000e-01 0.000e+00 4.000e-01 3.800e+00 8.780e+01 8.000e-01
  0.000e+00 2.200e+00]
 [2.400e+00 4.000e-01 3.200e+00 0.000e+00 6.400e+00 0.000e+00 2.716e+02
  3.600e+00 4.000e-01]
 [7.200e+00 4.000e-01 5.600e+00 4.000e-01 1.200e+00 2.000e-01 7.200e+00
  7.380e+01 0.000e+00]
 [0.000e+00 4.000e-01 2.000e-01 0.000e+00 2.000e-01 1.000e+00 3.800e+00
  0.000e+00 2.824e+02]]
Total time elapsed: 697.9085s