Mean accuracy: 0.4962 (std=0.011)
Mean F1 score: 0.4533 (std=0.009)
Mean confusion matrix:
[[ 62.4   0.    0.    0.    0.    0.    0.   33.6   0. ]
 [  8.2  59.2   0.    0.    0.    1.4   0.   27.2   0. ]
 [ 47.4   0.    1.    0.    9.6   0.    0.   38.    0. ]
 [  0.    0.    0.   96.    0.    0.    0.    0.    0. ]
 [ 47.6   0.    0.    0.   22.8   0.    0.   25.6   0. ]
 [  0.    0.    0.    0.4   0.   95.6   0.    0.    0. ]
 [111.6   0.    0.    7.4  10.6   1.2 157.    0.2   0. ]
 [  0.    0.    0.    0.    0.    0.    0.   96.    0. ]
 [  0.6   8.8   0.   63.    8.8 150.6   2.6  24.4  29.2]]
Total time elapsed: 63.5885s