Mean accuracy: 0.2484 (std=0.008)
Mean F1 score: 0.2488 (std=0.008)
Mean confusion matrix:
[[32.2  9.2  2.4  1.2  3.8  1.8 16.6 10.6 18.2]
 [ 9.6 22.2  5.2  1.6  9.6  5.8 24.   4.  14. ]
 [ 5.8  4.6 22.   1.6  5.   4.  24.4  4.  24.6]
 [ 4.2  6.4  5.6 14.2  9.2 10.6 19.4  3.6 22.8]
 [ 7.6  2.4  4.   5.  21.4  5.8 14.8  9.4 25.6]
 [ 5.2  6.   2.4 15.4  8.4 15.6 19.8  6.6 16.6]
 [19.4 30.4 18.  25.6 18.4 29.2 80.6 18.8 47.6]
 [10.6 10.   4.   2.   8.8  2.2 24.6 15.2 18.6]
 [19.8 23.2 17.4 28.4 25.6 29.8 46.  11.2 86.6]]
Total time elapsed: 27.4989s