Mean accuracy: 0.5441 (std=0.014)
Mean F1 score: 0.5250 (std=0.012)
Mean confusion matrix:
[[ 64.4  21.6   7.2   0.    2.8   0.    0.    0.    0. ]
 [ 13.6  16.6  20.    5.6  13.6   0.    0.   26.6   0. ]
 [  2.8   1.4  60.8   2.4   2.6   0.    0.   26.    0. ]
 [  0.    0.    0.   96.    0.    0.    0.    0.    0. ]
 [ 20.2  18.8   1.4   2.   53.6   0.    0.    0.    0. ]
 [  0.    0.    0.    0.    0.   50.6  14.    0.   31.4]
 [  0.2   0.2   0.   84.2  11.4   2.6 189.4   0.    0. ]
 [  0.6   0.2   2.6   0.    0.    0.    0.   92.6   0. ]
 [  0.2   0.    0.  141.    3.   32.   56.8   0.   55. ]]
Total time elapsed: 0.2503s