Mean accuracy: 0.8798 (std=0.004)
Mean F1 score: 0.8800 (std=0.004)
Mean confusion matrix:
[[8.540e+01 6.000e-01 8.200e+00 0.000e+00 6.000e-01 0.000e+00 0.000e+00
  1.200e+00 0.000e+00]
 [2.400e+00 8.180e+01 1.400e+00 0.000e+00 4.000e-01 0.000e+00 6.000e-01
  9.000e+00 4.000e-01]
 [2.400e+00 8.000e-01 8.780e+01 0.000e+00 0.000e+00 0.000e+00 2.200e+00
  2.800e+00 0.000e+00]
 [0.000e+00 0.000e+00 0.000e+00 8.680e+01 2.000e-01 0.000e+00 6.000e-01
  0.000e+00 8.400e+00]
 [3.400e+00 2.200e+00 3.800e+00 0.000e+00 8.560e+01 0.000e+00 2.000e-01
  8.000e-01 0.000e+00]
 [0.000e+00 0.000e+00 0.000e+00 6.000e-01 0.000e+00 8.620e+01 3.400e+00
  0.000e+00 5.800e+00]
 [1.120e+01 6.000e-01 1.000e+00 4.000e-01 4.600e+00 2.400e+00 2.442e+02
  2.000e-01 2.340e+01]
 [8.000e-01 6.000e-01 1.600e+00 0.000e+00 0.000e+00 0.000e+00 0.000e+00
  9.300e+01 0.000e+00]
 [1.200e+00 8.000e-01 2.000e-01 2.000e+00 2.400e+00 2.000e+00 3.220e+01
  0.000e+00 2.472e+02]]
Total time elapsed: 338.7952s