Mean accuracy: 0.7212 (std=0.0121)
Mean F1 score: 0.7075 (std=0.0133)
Mean confusion matrix:
[[6.900e+01 8.000e-01 1.080e+01 0.000e+00 2.800e+00 0.000e+00 7.600e+00
  2.600e+00 2.400e+00]
 [2.600e+00 4.860e+01 1.000e+01 0.000e+00 8.200e+00 0.000e+00 6.000e-01
  1.440e+01 1.160e+01]
 [7.400e+00 6.400e+00 5.300e+01 0.000e+00 6.800e+00 0.000e+00 3.200e+00
  1.800e+01 1.200e+00]
 [0.000e+00 0.000e+00 0.000e+00 3.620e+01 0.000e+00 0.000e+00 1.140e+01
  0.000e+00 4.840e+01]
 [1.600e+00 9.800e+00 9.000e+00 0.000e+00 3.700e+01 0.000e+00 2.000e-01
  2.240e+01 1.600e+01]
 [0.000e+00 0.000e+00 0.000e+00 2.000e-01 0.000e+00 5.240e+01 3.920e+01
  0.000e+00 4.200e+00]
 [1.400e+01 0.000e+00 8.000e-01 0.000e+00 4.000e-01 6.000e-01 2.570e+02
  2.000e-01 1.500e+01]
 [4.000e-01 4.200e+00 1.180e+01 0.000e+00 6.400e+00 0.000e+00 0.000e+00
  7.300e+01 2.000e-01]
 [2.000e-01 1.800e+00 6.000e-01 2.000e-01 2.000e+00 2.000e-01 7.400e+00
  1.800e+00 2.738e+02]]
Total time elapsed: 312.5937s