Mean accuracy: 0.2795 (std=0.006)
Mean F1 score: 0.2566 (std=0.010)
Mean confusion matrix:
[[ 17.8   5.8   1.    0.4   1.6   1.8  35.6   3.   29. ]
 [  2.8  17.4   1.    0.4   4.8   3.   39.2   0.6  26.8]
 [  2.2   2.6  11.8   3.    2.2   0.8  37.8   0.6  35. ]
 [  2.6   1.2   1.6  16.4   2.6   4.2  33.    1.2  33.2]
 [  2.8   1.2   0.6   5.4  10.2   3.6  23.8   4.   44.4]
 [  2.2   2.    2.    9.2   6.   16.2  28.2   1.2  29. ]
 [ 10.6  15.6   8.   17.    7.8  16.  118.4   6.4  88.2]
 [  5.4   4.4   0.6   2.8   3.8   1.   40.2   5.2  32.6]
 [  7.6   9.4   7.   19.   14.8  14.8  75.    5.  135.4]]
Total time elapsed: 1.2076s