Mean accuracy: 0.9995 (std=0.0010)
Mean F1 score: 0.9995 (std=0.0010)
Mean confusion matrix:
[[ 96.    0.    0.    0.    0.    0.    0.    0.    0. ]
 [  0.   96.    0.    0.    0.    0.    0.    0.    0. ]
 [  0.    0.   95.4   0.    0.    0.    0.6   0.    0. ]
 [  0.    0.    0.   96.    0.    0.    0.    0.    0. ]
 [  0.    0.    0.    0.   96.    0.    0.    0.    0. ]
 [  0.    0.    0.    0.    0.   96.    0.    0.    0. ]
 [  0.    0.    0.    0.    0.    0.  288.    0.    0. ]
 [  0.    0.    0.    0.    0.    0.    0.   96.    0. ]
 [  0.    0.    0.    0.    0.    0.    0.    0.  288. ]]
Total time elapsed: 156298.1526s