Mean accuracy: 0.9995 (std=0.0006)
Mean F1 score: 0.9995 (std=0.0006)
Mean confusion matrix:
[[9.60e+01 0.00e+00 0.00e+00 0.00e+00 0.00e+00 0.00e+00 0.00e+00 0.00e+00
  0.00e+00]
 [0.00e+00 9.58e+01 0.00e+00 0.00e+00 0.00e+00 2.00e-01 0.00e+00 0.00e+00
  0.00e+00]
 [0.00e+00 0.00e+00 9.56e+01 0.00e+00 0.00e+00 0.00e+00 4.00e-01 0.00e+00
  0.00e+00]
 [0.00e+00 0.00e+00 0.00e+00 9.60e+01 0.00e+00 0.00e+00 0.00e+00 0.00e+00
  0.00e+00]
 [0.00e+00 0.00e+00 0.00e+00 0.00e+00 9.60e+01 0.00e+00 0.00e+00 0.00e+00
  0.00e+00]
 [0.00e+00 0.00e+00 0.00e+00 0.00e+00 0.00e+00 9.60e+01 0.00e+00 0.00e+00
  0.00e+00]
 [0.00e+00 0.00e+00 0.00e+00 0.00e+00 0.00e+00 0.00e+00 2.88e+02 0.00e+00
  0.00e+00]
 [0.00e+00 0.00e+00 0.00e+00 0.00e+00 0.00e+00 0.00e+00 0.00e+00 9.60e+01
  0.00e+00]
 [0.00e+00 0.00e+00 0.00e+00 0.00e+00 0.00e+00 0.00e+00 0.00e+00 0.00e+00
  2.88e+02]]
Total time elapsed: 195.9751s