Mean accuracy: 0.9807 (std=0.0061)
Mean F1 score: 0.9807 (std=0.0061)
Mean confusion matrix:
[[3.8496e+03 9.2000e+00 1.9800e+01 2.6000e+00 2.6000e+00 3.4000e+00
  1.1200e+01 3.2000e+00 3.0000e+00 1.6000e+00 4.8000e+00 5.0000e+00]
 [1.3000e+01 5.9060e+02 0.0000e+00 8.0000e-01 0.0000e+00 2.5000e+01
  0.0000e+00 6.0000e-01 4.0000e-01 0.0000e+00 4.0000e-01 5.8000e+00]
 [8.8000e+00 0.0000e+00 6.8960e+02 0.0000e+00 0.0000e+00 0.0000e+00
  0.0000e+00 0.0000e+00 0.0000e+00 0.0000e+00 0.0000e+00 0.0000e+00]
 [1.6000e+00 1.0000e+00 0.0000e+00 6.0840e+02 0.0000e+00 0.0000e+00
  0.0000e+00 2.0000e-01 0.0000e+00 0.0000e+00 2.6000e+00 2.0000e-01]
 [1.0000e+00 0.0000e+00 0.0000e+00 0.0000e+00 6.1920e+02 0.0000e+00
  0.0000e+00 0.0000e+00 0.0000e+00 0.0000e+00 0.0000e+00 0.0000e+00]
 [1.4000e+00 2.4800e+01 0.0000e+00 0.0000e+00 0.0000e+00 5.8260e+02
  0.0000e+00 0.0000e+00 4.0000e-01 0.0000e+00 0.0000e+00 5.6000e+00]
 [1.8000e+00 0.0000e+00 0.0000e+00 0.0000e+00 0.0000e+00 0.0000e+00
  6.0980e+02 0.0000e+00 0.0000e+00 0.0000e+00 0.0000e+00 0.0000e+00]
 [2.2000e+00 0.0000e+00 0.0000e+00 0.0000e+00 0.0000e+00 0.0000e+00
  0.0000e+00 6.2000e+02 8.6000e+00 0.0000e+00 0.0000e+00 0.0000e+00]
 [2.2000e+00 6.0000e-01 0.0000e+00 0.0000e+00 0.0000e+00 4.0000e-01
  0.0000e+00 9.0000e+00 6.1120e+02 0.0000e+00 2.0000e-01 2.0000e-01]
 [8.0000e-01 0.0000e+00 0.0000e+00 6.0000e-01 0.0000e+00 0.0000e+00
  0.0000e+00 0.0000e+00 0.0000e+00 6.0980e+02 2.0000e-01 0.0000e+00]
 [2.0000e+00 1.8000e+00 0.0000e+00 1.6000e+00 0.0000e+00 0.0000e+00
  0.0000e+00 0.0000e+00 0.0000e+00 0.0000e+00 5.3180e+02 1.0000e+00]
 [2.0000e+00 5.4000e+00 0.0000e+00 4.0000e-01 0.0000e+00 5.2000e+00
  0.0000e+00 0.0000e+00 8.0000e-01 0.0000e+00 1.0000e+00 6.2640e+02]]
Total time elapsed: 8868.8438s