Mean accuracy: 0.9947 (std=0.001)
Mean F1 score: 0.9947 (std=0.001)
Mean confusion matrix:
[[3.9046e+03 5.4000e+00 3.6000e+00 2.0000e-01 0.0000e+00 0.0000e+00
  4.0000e-01 0.0000e+00 0.0000e+00 2.0000e-01 6.0000e-01 1.0000e+00]
 [1.2200e+01 6.1220e+02 0.0000e+00 0.0000e+00 0.0000e+00 9.0000e+00
  0.0000e+00 0.0000e+00 0.0000e+00 0.0000e+00 0.0000e+00 3.2000e+00]
 [3.6000e+00 0.0000e+00 6.9480e+02 0.0000e+00 0.0000e+00 0.0000e+00
  0.0000e+00 0.0000e+00 0.0000e+00 0.0000e+00 0.0000e+00 0.0000e+00]
 [4.0000e-01 0.0000e+00 0.0000e+00 6.1280e+02 2.0000e-01 0.0000e+00
  0.0000e+00 0.0000e+00 0.0000e+00 0.0000e+00 6.0000e-01 0.0000e+00]
 [2.0000e-01 0.0000e+00 0.0000e+00 0.0000e+00 6.2000e+02 0.0000e+00
  0.0000e+00 0.0000e+00 0.0000e+00 0.0000e+00 0.0000e+00 0.0000e+00]
 [2.0000e-01 5.2000e+00 0.0000e+00 0.0000e+00 0.0000e+00 6.0880e+02
  0.0000e+00 0.0000e+00 0.0000e+00 0.0000e+00 0.0000e+00 6.0000e-01]
 [6.0000e-01 0.0000e+00 0.0000e+00 0.0000e+00 0.0000e+00 0.0000e+00
  6.1100e+02 0.0000e+00 0.0000e+00 0.0000e+00 0.0000e+00 0.0000e+00]
 [0.0000e+00 0.0000e+00 0.0000e+00 0.0000e+00 0.0000e+00 0.0000e+00
  0.0000e+00 6.2720e+02 3.6000e+00 0.0000e+00 0.0000e+00 0.0000e+00]
 [0.0000e+00 0.0000e+00 0.0000e+00 0.0000e+00 0.0000e+00 0.0000e+00
  0.0000e+00 1.0000e+00 6.2240e+02 0.0000e+00 0.0000e+00 4.0000e-01]
 [4.0000e-01 0.0000e+00 0.0000e+00 0.0000e+00 0.0000e+00 0.0000e+00
  0.0000e+00 0.0000e+00 0.0000e+00 6.1100e+02 0.0000e+00 0.0000e+00]
 [0.0000e+00 6.0000e-01 0.0000e+00 4.0000e-01 0.0000e+00 0.0000e+00
  0.0000e+00 0.0000e+00 2.0000e-01 0.0000e+00 5.3660e+02 4.0000e-01]
 [4.0000e-01 1.4000e+00 0.0000e+00 0.0000e+00 0.0000e+00 4.0000e-01
  0.0000e+00 0.0000e+00 2.0000e-01 0.0000e+00 0.0000e+00 6.3880e+02]]
Total time elapsed: 3023.7932s