Mean accuracy: 0.9870 (std=0.0016)
Mean F1 score: 0.9870 (std=0.0016)
Mean confusion matrix:
[[3.903e+03 2.000e-01 2.600e+00 8.000e-01 1.600e+00 4.000e-01 3.200e+00
  1.200e+00 0.000e+00 1.200e+00 1.000e+00 8.000e-01]
 [1.300e+01 5.960e+02 0.000e+00 4.000e-01 0.000e+00 1.900e+01 0.000e+00
  0.000e+00 0.000e+00 0.000e+00 1.400e+00 6.800e+00]
 [5.200e+00 0.000e+00 6.932e+02 0.000e+00 0.000e+00 0.000e+00 0.000e+00
  0.000e+00 0.000e+00 0.000e+00 0.000e+00 0.000e+00]
 [2.000e+00 1.400e+00 0.000e+00 6.086e+02 0.000e+00 0.000e+00 0.000e+00
  0.000e+00 0.000e+00 2.000e-01 1.200e+00 6.000e-01]
 [1.600e+00 0.000e+00 0.000e+00 0.000e+00 6.184e+02 0.000e+00 0.000e+00
  0.000e+00 2.000e-01 0.000e+00 0.000e+00 0.000e+00]
 [8.000e-01 2.220e+01 0.000e+00 4.000e-01 0.000e+00 5.868e+02 0.000e+00
  0.000e+00 2.000e-01 0.000e+00 0.000e+00 4.400e+00]
 [1.400e+00 0.000e+00 0.000e+00 0.000e+00 0.000e+00 0.000e+00 6.102e+02
  0.000e+00 0.000e+00 0.000e+00 0.000e+00 0.000e+00]
 [2.600e+00 0.000e+00 0.000e+00 0.000e+00 0.000e+00 0.000e+00 0.000e+00
  6.222e+02 6.000e+00 0.000e+00 0.000e+00 0.000e+00]
 [8.000e-01 4.000e-01 0.000e+00 2.000e-01 0.000e+00 0.000e+00 0.000e+00
  1.040e+01 6.114e+02 0.000e+00 0.000e+00 6.000e-01]
 [1.200e+00 2.000e-01 0.000e+00 0.000e+00 0.000e+00 4.000e-01 0.000e+00
  0.000e+00 0.000e+00 6.094e+02 0.000e+00 2.000e-01]
 [1.400e+00 1.400e+00 0.000e+00 1.000e+00 0.000e+00 0.000e+00 0.000e+00
  0.000e+00 2.000e-01 0.000e+00 5.288e+02 5.400e+00]
 [6.000e+00 3.400e+00 0.000e+00 0.000e+00 0.000e+00 2.400e+00 0.000e+00
  0.000e+00 0.000e+00 0.000e+00 2.000e-01 6.292e+02]]
Total time elapsed: 2371.3794s