Mean accuracy: 0.987 (std=0.000)
Mean F1 score: 0.987 (std=0.000)
Mean confusion matrix:
[[3.888e+03 1.000e+00 4.800e+00 0.000e+00 4.000e-01 8.000e-01 1.440e+01
  1.000e+00 1.600e+00 1.000e+00 2.200e+00 8.000e-01]
 [1.640e+01 6.020e+02 0.000e+00 0.000e+00 0.000e+00 1.000e+01 0.000e+00
  0.000e+00 0.000e+00 0.000e+00 2.000e-01 8.000e+00]
 [7.000e+00 0.000e+00 6.914e+02 0.000e+00 0.000e+00 0.000e+00 0.000e+00
  0.000e+00 0.000e+00 0.000e+00 0.000e+00 0.000e+00]
 [8.800e+00 4.000e-01 0.000e+00 6.042e+02 0.000e+00 0.000e+00 0.000e+00
  0.000e+00 0.000e+00 0.000e+00 6.000e-01 0.000e+00]
 [1.000e+00 0.000e+00 0.000e+00 0.000e+00 6.192e+02 0.000e+00 0.000e+00
  0.000e+00 0.000e+00 0.000e+00 0.000e+00 0.000e+00]
 [4.000e-01 1.680e+01 0.000e+00 2.000e-01 0.000e+00 5.948e+02 0.000e+00
  0.000e+00 0.000e+00 0.000e+00 0.000e+00 2.600e+00]
 [6.000e+00 0.000e+00 0.000e+00 0.000e+00 0.000e+00 0.000e+00 6.056e+02
  0.000e+00 0.000e+00 0.000e+00 0.000e+00 0.000e+00]
 [2.800e+00 0.000e+00 0.000e+00 0.000e+00 0.000e+00 0.000e+00 0.000e+00
  6.262e+02 1.800e+00 0.000e+00 0.000e+00 0.000e+00]
 [4.600e+00 0.000e+00 0.000e+00 0.000e+00 0.000e+00 0.000e+00 0.000e+00
  4.800e+00 6.144e+02 0.000e+00 0.000e+00 0.000e+00]
 [0.000e+00 0.000e+00 0.000e+00 0.000e+00 0.000e+00 0.000e+00 0.000e+00
  0.000e+00 0.000e+00 6.114e+02 0.000e+00 0.000e+00]
 [8.200e+00 0.000e+00 0.000e+00 6.000e-01 0.000e+00 0.000e+00 0.000e+00
  0.000e+00 0.000e+00 0.000e+00 5.286e+02 8.000e-01]
 [6.600e+00 5.200e+00 0.000e+00 6.000e-01 0.000e+00 2.000e+00 0.000e+00
  0.000e+00 0.000e+00 0.000e+00 4.000e-01 6.264e+02]]
