Mean accuracy: 0.9537 (std=0.0023)
Mean F1 score: 0.9537 (std=0.0023)
Mean confusion matrix:
[[3.8786e+03 1.2000e+01 7.8000e+00 5.6000e+00 0.0000e+00 1.2000e+00
  4.0000e+00 1.0000e+00 2.6000e+00 6.0000e-01 1.0000e+00 1.6000e+00]
 [1.3400e+01 5.1920e+02 0.0000e+00 1.4000e+00 0.0000e+00 8.2800e+01
  0.0000e+00 0.0000e+00 4.0000e-01 0.0000e+00 6.0000e+00 1.3400e+01]
 [8.0000e+00 0.0000e+00 6.9040e+02 0.0000e+00 0.0000e+00 0.0000e+00
  0.0000e+00 0.0000e+00 0.0000e+00 0.0000e+00 0.0000e+00 0.0000e+00]
 [1.2000e+00 2.0000e+00 0.0000e+00 5.9940e+02 0.0000e+00 1.8000e+00
  0.0000e+00 0.0000e+00 0.0000e+00 0.0000e+00 6.0000e+00 3.6000e+00]
 [4.0000e-01 0.0000e+00 0.0000e+00 0.0000e+00 6.1980e+02 0.0000e+00
  0.0000e+00 0.0000e+00 0.0000e+00 0.0000e+00 0.0000e+00 0.0000e+00]
 [1.2000e+00 1.1280e+02 0.0000e+00 1.2000e+00 0.0000e+00 4.8840e+02
  0.0000e+00 2.0000e-01 4.0000e-01 0.0000e+00 4.0000e-01 1.0200e+01]
 [4.2000e+00 0.0000e+00 0.0000e+00 0.0000e+00 0.0000e+00 0.0000e+00
  6.0740e+02 0.0000e+00 0.0000e+00 0.0000e+00 0.0000e+00 0.0000e+00]
 [1.0000e+00 0.0000e+00 0.0000e+00 2.0000e-01 0.0000e+00 0.0000e+00
  0.0000e+00 6.0980e+02 1.9800e+01 0.0000e+00 0.0000e+00 0.0000e+00]
 [2.0000e-01 1.4000e+00 0.0000e+00 2.0000e-01 0.0000e+00 0.0000e+00
  0.0000e+00 4.8000e+01 5.7040e+02 0.0000e+00 2.0000e-01 3.4000e+00]
 [6.0000e-01 0.0000e+00 0.0000e+00 0.0000e+00 0.0000e+00 0.0000e+00
  0.0000e+00 0.0000e+00 0.0000e+00 6.1080e+02 0.0000e+00 0.0000e+00]
 [1.6000e+00 7.4000e+00 0.0000e+00 7.8000e+00 0.0000e+00 3.0000e+00
  0.0000e+00 4.0000e-01 0.0000e+00 0.0000e+00 4.7300e+02 4.5000e+01]
 [4.6000e+00 1.0800e+01 0.0000e+00 2.8000e+00 0.0000e+00 7.4000e+00
  0.0000e+00 0.0000e+00 4.0000e-01 0.0000e+00 2.3400e+01 5.9180e+02]]
Total time elapsed: 6418.7287s