Mean accuracy: 0.926 (std=0.003)
Mean F1 score: 0.926 (std=0.003)
Mean confusion matrix:
[[3.6924e+03 1.8000e+01 2.3400e+01 2.8000e+01 7.2000e+00 2.7000e+01
  1.8800e+01 1.5800e+01 2.4000e+01 2.0000e+01 2.0200e+01 2.1200e+01]
 [3.6800e+01 5.4000e+02 0.0000e+00 6.6000e+00 0.0000e+00 2.6600e+01
  0.0000e+00 2.2000e+00 1.6000e+00 4.0000e-01 7.2000e+00 1.5200e+01]
 [2.3400e+01 0.0000e+00 6.7400e+02 0.0000e+00 8.0000e-01 0.0000e+00
  0.0000e+00 0.0000e+00 0.0000e+00 2.0000e-01 0.0000e+00 0.0000e+00]
 [4.3000e+01 8.2000e+00 0.0000e+00 5.3720e+02 4.0000e-01 1.6000e+00
  2.0000e-01 1.8000e+00 2.6000e+00 2.0000e-01 1.2000e+01 6.8000e+00]
 [4.0000e+00 0.0000e+00 0.0000e+00 0.0000e+00 6.1260e+02 0.0000e+00
  0.0000e+00 1.6000e+00 6.0000e-01 6.0000e-01 0.0000e+00 8.0000e-01]
 [7.6000e+00 2.8200e+01 0.0000e+00 4.6000e+00 0.0000e+00 5.6100e+02
  0.0000e+00 2.0000e-01 6.0000e-01 1.4000e+00 2.0000e+00 9.2000e+00]
 [1.5600e+01 0.0000e+00 0.0000e+00 2.0000e-01 2.0000e-01 0.0000e+00
  5.9500e+02 2.0000e-01 0.0000e+00 4.0000e-01 0.0000e+00 0.0000e+00]
 [1.5200e+01 8.0000e-01 0.0000e+00 1.8000e+00 0.0000e+00 0.0000e+00
  0.0000e+00 5.9860e+02 1.3800e+01 4.0000e-01 2.0000e-01 0.0000e+00]
 [3.0800e+01 8.0000e-01 0.0000e+00 1.6000e+00 0.0000e+00 8.0000e-01
  0.0000e+00 1.8000e+01 5.6480e+02 1.2000e+00 2.4000e+00 3.4000e+00]
 [2.0400e+01 4.0000e-01 0.0000e+00 1.8000e+00 4.0000e-01 1.8000e+00
  8.0000e-01 1.4000e+00 1.0000e+00 5.8080e+02 1.6000e+00 1.0000e+00]
 [4.2800e+01 1.1000e+01 0.0000e+00 4.8000e+00 0.0000e+00 1.6000e+00
  0.0000e+00 1.0000e+00 2.2000e+00 2.0000e-01 4.4960e+02 2.5000e+01]
 [3.7600e+01 1.4000e+01 0.0000e+00 4.8000e+00 0.0000e+00 5.8000e+00
  0.0000e+00 1.0000e+00 2.4000e+00 6.0000e-01 1.9400e+01 5.5560e+02]]
