Mean accuracy: 0.5082 (std=0.005)
Mean F1 score: 0.5163 (std=0.005)
Mean confusion matrix:
[[1.8808e+03 2.0000e-01 3.8500e+02 0.0000e+00 1.8860e+02 6.0000e+00
  2.8600e+02 7.4640e+02 1.0200e+01 1.3380e+02 2.4880e+02 3.0200e+01]
 [3.1000e+01 1.1840e+02 0.0000e+00 0.0000e+00 0.0000e+00 1.6200e+01
  0.0000e+00 1.7800e+02 4.7000e+01 1.7200e+01 1.4720e+02 8.1600e+01]
 [8.0000e-01 0.0000e+00 6.9760e+02 0.0000e+00 0.0000e+00 0.0000e+00
  0.0000e+00 0.0000e+00 0.0000e+00 0.0000e+00 0.0000e+00 0.0000e+00]
 [7.4000e+00 1.0000e+00 0.0000e+00 1.3260e+02 0.0000e+00 2.6000e+00
  4.0000e-01 1.6800e+02 1.5800e+01 6.8400e+01 2.1020e+02 7.6000e+00]
 [1.9900e+02 0.0000e+00 0.0000e+00 0.0000e+00 4.1920e+02 0.0000e+00
  0.0000e+00 8.0000e-01 4.0000e-01 8.0000e-01 0.0000e+00 0.0000e+00]
 [2.1800e+01 1.0400e+01 0.0000e+00 4.4000e+00 4.0000e-01 1.5720e+02
  0.0000e+00 1.5800e+02 4.5600e+01 1.0400e+01 1.4380e+02 6.2800e+01]
 [1.8600e+01 0.0000e+00 0.0000e+00 0.0000e+00 0.0000e+00 0.0000e+00
  5.9300e+02 0.0000e+00 0.0000e+00 0.0000e+00 0.0000e+00 0.0000e+00]
 [2.4200e+01 3.5800e+01 0.0000e+00 0.0000e+00 2.0000e-01 1.2800e+01
  0.0000e+00 4.8540e+02 4.5400e+01 4.0000e+00 1.3000e+01 1.0000e+01]
 [1.8600e+01 1.2600e+01 0.0000e+00 0.0000e+00 0.0000e+00 2.8000e+01
  0.0000e+00 3.0800e+02 2.0000e+02 1.2400e+01 8.8000e+00 3.5400e+01]
 [7.3000e+01 0.0000e+00 0.0000e+00 1.6000e+00 4.0000e-01 4.6000e+00
  0.0000e+00 1.3320e+02 2.0000e-01 2.6840e+02 1.3000e+02 0.0000e+00]
 [4.1400e+01 2.4000e+00 0.0000e+00 0.0000e+00 2.0000e-01 0.0000e+00
  0.0000e+00 9.8400e+01 2.6200e+01 3.4000e+00 3.1940e+02 4.6800e+01]
 [4.4200e+01 1.2000e+00 0.0000e+00 0.0000e+00 4.0000e-01 2.5800e+01
  0.0000e+00 1.6760e+02 5.3800e+01 4.6000e+00 1.4840e+02 1.9520e+02]]
Total time elapsed: 2.4906s