Mean accuracy: 0.8191 (std=0.001)
Mean F1 score: 0.8145 (std=0.001)
Mean confusion matrix:
[[3.6134e+03 2.8000e+00 5.0400e+01 2.4800e+01 4.6400e+01 1.0400e+01
  6.5400e+01 3.4000e+01 1.6000e+01 2.8400e+01 5.2000e+00 1.8800e+01]
 [9.6800e+01 3.5760e+02 0.0000e+00 8.8000e+00 0.0000e+00 9.8200e+01
  0.0000e+00 7.2000e+00 2.1000e+01 1.0000e+00 1.3000e+01 3.3000e+01]
 [5.4600e+01 0.0000e+00 6.4360e+02 0.0000e+00 0.0000e+00 0.0000e+00
  0.0000e+00 0.0000e+00 0.0000e+00 2.0000e-01 0.0000e+00 0.0000e+00]
 [1.3000e+02 1.7600e+01 0.0000e+00 3.8620e+02 1.0000e+00 1.3000e+01
  2.6000e+00 1.1400e+01 1.7400e+01 2.4000e+00 1.7800e+01 1.4600e+01]
 [3.3600e+01 0.0000e+00 2.0000e-01 0.0000e+00 5.8560e+02 2.0000e-01
  0.0000e+00 4.0000e-01 0.0000e+00 2.0000e-01 0.0000e+00 0.0000e+00]
 [8.0000e+01 4.6200e+01 0.0000e+00 1.5800e+01 2.0000e-01 4.3560e+02
  0.0000e+00 3.6000e+00 6.0000e+00 6.0000e+00 4.4000e+00 1.7000e+01]
 [2.0200e+01 0.0000e+00 0.0000e+00 0.0000e+00 0.0000e+00 0.0000e+00
  5.9140e+02 0.0000e+00 0.0000e+00 0.0000e+00 0.0000e+00 0.0000e+00]
 [8.6400e+01 1.0000e+00 0.0000e+00 2.0000e-01 0.0000e+00 1.8000e+00
  0.0000e+00 4.8220e+02 5.8000e+01 6.0000e-01 0.0000e+00 6.0000e-01]
 [7.9600e+01 4.8000e+00 6.0000e-01 0.0000e+00 2.0000e-01 3.8000e+00
  0.0000e+00 8.4600e+01 4.3580e+02 1.0000e+00 3.0000e+00 1.0400e+01]
 [8.6000e+01 2.0000e-01 1.0000e+00 1.0000e+00 6.0000e-01 7.0000e+00
  0.0000e+00 4.0000e-01 1.0000e+00 5.1260e+02 2.0000e-01 1.4000e+00]
 [1.1220e+02 1.5600e+01 2.0000e-01 3.2000e+00 1.0000e+00 3.4000e+00
  0.0000e+00 3.6000e+00 8.6000e+00 1.8000e+00 3.3080e+02 5.7800e+01]
 [1.1740e+02 3.2000e+00 0.0000e+00 3.6000e+00 0.0000e+00 1.7000e+01
  0.0000e+00 3.8000e+00 9.8000e+00 4.0000e-01 4.9400e+01 4.3660e+02]]
Total time elapsed: 3.3686s