Mean accuracy: 0.955 (std=0.002)
Mean F1 score: 0.955 (std=0.001)
Mean confusion matrix:
[[3.8806e+03 1.2800e+01 7.4000e+00 5.4000e+00 0.0000e+00 8.0000e-01
  4.0000e+00 1.0000e+00 2.2000e+00 4.0000e-01 2.0000e-01 1.2000e+00]
 [1.3200e+01 5.1380e+02 0.0000e+00 2.2000e+00 0.0000e+00 8.6600e+01
  0.0000e+00 0.0000e+00 8.0000e-01 0.0000e+00 7.8000e+00 1.2200e+01]
 [7.4000e+00 0.0000e+00 6.9100e+02 0.0000e+00 0.0000e+00 0.0000e+00
  0.0000e+00 0.0000e+00 0.0000e+00 0.0000e+00 0.0000e+00 0.0000e+00]
 [1.2000e+00 2.6000e+00 0.0000e+00 5.9720e+02 0.0000e+00 1.2000e+00
  0.0000e+00 0.0000e+00 2.0000e-01 0.0000e+00 8.0000e+00 3.6000e+00]
 [4.0000e-01 0.0000e+00 0.0000e+00 0.0000e+00 6.1980e+02 0.0000e+00
  0.0000e+00 0.0000e+00 0.0000e+00 0.0000e+00 0.0000e+00 0.0000e+00]
 [8.0000e-01 1.0800e+02 0.0000e+00 1.2000e+00 0.0000e+00 4.9340e+02
  0.0000e+00 2.0000e-01 8.0000e-01 0.0000e+00 8.0000e-01 9.6000e+00]
 [5.0000e+00 0.0000e+00 0.0000e+00 0.0000e+00 0.0000e+00 0.0000e+00
  6.0660e+02 0.0000e+00 0.0000e+00 0.0000e+00 0.0000e+00 0.0000e+00]
 [1.0000e+00 0.0000e+00 0.0000e+00 2.0000e-01 0.0000e+00 0.0000e+00
  0.0000e+00 6.1000e+02 1.9600e+01 0.0000e+00 0.0000e+00 0.0000e+00]
 [2.0000e-01 1.4000e+00 0.0000e+00 4.0000e-01 0.0000e+00 0.0000e+00
  0.0000e+00 4.4200e+01 5.7520e+02 0.0000e+00 2.0000e-01 2.2000e+00]
 [6.0000e-01 0.0000e+00 0.0000e+00 2.0000e-01 0.0000e+00 0.0000e+00
  0.0000e+00 0.0000e+00 0.0000e+00 6.1060e+02 0.0000e+00 0.0000e+00]
 [1.2000e+00 6.8000e+00 0.0000e+00 9.8000e+00 0.0000e+00 2.6000e+00
  0.0000e+00 4.0000e-01 0.0000e+00 0.0000e+00 4.7500e+02 4.2400e+01]
 [3.6000e+00 1.0400e+01 0.0000e+00 2.8000e+00 0.0000e+00 7.6000e+00
  0.0000e+00 0.0000e+00 8.0000e-01 0.0000e+00 2.1000e+01 5.9500e+02]]
