Mean accuracy: 0.9810 (std=0.0015)
Mean F1 score: 0.9809 (std=0.0015)
Mean confusion matrix:
[[3.9056e+03 0.0000e+00 2.8000e+00 0.0000e+00 0.0000e+00 0.0000e+00
  6.4000e+00 2.0000e-01 4.0000e-01 4.0000e-01 0.0000e+00 2.0000e-01]
 [3.2000e+01 5.8260e+02 0.0000e+00 0.0000e+00 0.0000e+00 1.3200e+01
  0.0000e+00 0.0000e+00 6.0000e-01 0.0000e+00 0.0000e+00 8.2000e+00]
 [6.4000e+00 0.0000e+00 6.9200e+02 0.0000e+00 0.0000e+00 0.0000e+00
  0.0000e+00 0.0000e+00 0.0000e+00 0.0000e+00 0.0000e+00 0.0000e+00]
 [1.2400e+01 0.0000e+00 0.0000e+00 6.0080e+02 0.0000e+00 0.0000e+00
  0.0000e+00 0.0000e+00 0.0000e+00 0.0000e+00 8.0000e-01 0.0000e+00]
 [1.0000e+00 0.0000e+00 0.0000e+00 0.0000e+00 6.1920e+02 0.0000e+00
  0.0000e+00 0.0000e+00 0.0000e+00 0.0000e+00 0.0000e+00 0.0000e+00]
 [1.1600e+01 8.8000e+00 0.0000e+00 0.0000e+00 0.0000e+00 5.8940e+02
  0.0000e+00 0.0000e+00 2.0000e-01 0.0000e+00 0.0000e+00 4.8000e+00]
 [1.2000e+00 0.0000e+00 0.0000e+00 0.0000e+00 0.0000e+00 0.0000e+00
  6.1040e+02 0.0000e+00 0.0000e+00 0.0000e+00 0.0000e+00 0.0000e+00]
 [1.2200e+01 0.0000e+00 0.0000e+00 0.0000e+00 0.0000e+00 0.0000e+00
  0.0000e+00 6.1540e+02 3.2000e+00 0.0000e+00 0.0000e+00 0.0000e+00]
 [1.2800e+01 0.0000e+00 0.0000e+00 0.0000e+00 0.0000e+00 0.0000e+00
  0.0000e+00 3.8000e+00 6.0720e+02 0.0000e+00 0.0000e+00 0.0000e+00]
 [1.6000e+00 0.0000e+00 0.0000e+00 0.0000e+00 0.0000e+00 0.0000e+00
  0.0000e+00 0.0000e+00 0.0000e+00 6.0980e+02 0.0000e+00 0.0000e+00]
 [2.0200e+01 0.0000e+00 0.0000e+00 1.0000e+00 0.0000e+00 0.0000e+00
  0.0000e+00 0.0000e+00 0.0000e+00 0.0000e+00 5.1480e+02 2.2000e+00]
 [3.2000e+01 1.8000e+00 0.0000e+00 4.0000e-01 0.0000e+00 1.2000e+00
  0.0000e+00 0.0000e+00 4.0000e-01 0.0000e+00 0.0000e+00 6.0540e+02]]
Total time elapsed: 2790.4792s