Mean accuracy: 0.990 (std=0.001)
Mean F1 score: 0.990 (std=0.001)
Mean confusion matrix:
[[3.9106e+03 0.0000e+00 2.2000e+00 0.0000e+00 0.0000e+00 0.0000e+00
  2.0000e+00 8.0000e-01 2.0000e-01 0.0000e+00 2.0000e-01 0.0000e+00]
 [1.3400e+01 5.9680e+02 0.0000e+00 4.0000e-01 0.0000e+00 1.7400e+01
  0.0000e+00 0.0000e+00 2.0000e-01 0.0000e+00 6.0000e-01 7.8000e+00]
 [5.6000e+00 0.0000e+00 6.9280e+02 0.0000e+00 0.0000e+00 0.0000e+00
  0.0000e+00 0.0000e+00 0.0000e+00 0.0000e+00 0.0000e+00 0.0000e+00]
 [1.6000e+00 0.0000e+00 0.0000e+00 6.1140e+02 0.0000e+00 0.0000e+00
  0.0000e+00 0.0000e+00 0.0000e+00 0.0000e+00 1.0000e+00 0.0000e+00]
 [6.0000e-01 0.0000e+00 0.0000e+00 0.0000e+00 6.1960e+02 0.0000e+00
  0.0000e+00 0.0000e+00 0.0000e+00 0.0000e+00 0.0000e+00 0.0000e+00]
 [2.0000e-01 1.3200e+01 0.0000e+00 6.0000e-01 0.0000e+00 5.9660e+02
  0.0000e+00 0.0000e+00 2.0000e-01 0.0000e+00 0.0000e+00 4.0000e+00]
 [1.0000e+00 0.0000e+00 0.0000e+00 0.0000e+00 0.0000e+00 0.0000e+00
  6.1060e+02 0.0000e+00 0.0000e+00 0.0000e+00 0.0000e+00 0.0000e+00]
 [1.4000e+00 0.0000e+00 0.0000e+00 0.0000e+00 0.0000e+00 0.0000e+00
  0.0000e+00 6.1860e+02 1.0800e+01 0.0000e+00 0.0000e+00 0.0000e+00]
 [1.0000e+00 0.0000e+00 0.0000e+00 0.0000e+00 0.0000e+00 0.0000e+00
  0.0000e+00 8.8000e+00 6.1400e+02 0.0000e+00 0.0000e+00 0.0000e+00]
 [0.0000e+00 0.0000e+00 0.0000e+00 0.0000e+00 0.0000e+00 0.0000e+00
  0.0000e+00 0.0000e+00 0.0000e+00 6.1140e+02 0.0000e+00 0.0000e+00]
 [2.2000e+00 0.0000e+00 0.0000e+00 2.0000e-01 0.0000e+00 0.0000e+00
  0.0000e+00 0.0000e+00 0.0000e+00 0.0000e+00 5.3320e+02 2.6000e+00]
 [4.2000e+00 1.2000e+00 0.0000e+00 0.0000e+00 0.0000e+00 1.6000e+00
  0.0000e+00 0.0000e+00 0.0000e+00 0.0000e+00 4.0000e-01 6.3380e+02]]
