Mean accuracy: 0.9956 (std=0.004)
Mean F1 score: 0.9956 (std=0.004)
Mean confusion matrix:
[[3.9074e+03 2.2000e+00 1.4000e+00 8.0000e-01 0.0000e+00 0.0000e+00
  4.0000e-01 8.0000e-01 2.0000e-01 1.2000e+00 1.0000e+00 6.0000e-01]
 [9.8000e+00 6.2060e+02 0.0000e+00 6.0000e-01 0.0000e+00 2.6000e+00
  0.0000e+00 0.0000e+00 2.0000e-01 0.0000e+00 4.0000e-01 2.4000e+00]
 [4.4000e+00 0.0000e+00 6.9400e+02 0.0000e+00 0.0000e+00 0.0000e+00
  0.0000e+00 0.0000e+00 0.0000e+00 0.0000e+00 0.0000e+00 0.0000e+00]
 [4.0000e-01 0.0000e+00 0.0000e+00 6.1180e+02 0.0000e+00 0.0000e+00
  0.0000e+00 0.0000e+00 0.0000e+00 4.0000e-01 1.2000e+00 2.0000e-01]
 [2.0000e-01 0.0000e+00 0.0000e+00 0.0000e+00 6.2000e+02 0.0000e+00
  0.0000e+00 0.0000e+00 0.0000e+00 0.0000e+00 0.0000e+00 0.0000e+00]
 [0.0000e+00 1.8000e+00 0.0000e+00 0.0000e+00 0.0000e+00 6.1160e+02
  0.0000e+00 0.0000e+00 2.0000e-01 2.0000e-01 0.0000e+00 1.0000e+00]
 [4.0000e-01 0.0000e+00 0.0000e+00 0.0000e+00 0.0000e+00 0.0000e+00
  6.1120e+02 0.0000e+00 0.0000e+00 0.0000e+00 0.0000e+00 0.0000e+00]
 [4.0000e-01 0.0000e+00 0.0000e+00 4.0000e-01 0.0000e+00 0.0000e+00
  0.0000e+00 6.2760e+02 2.2000e+00 2.0000e-01 0.0000e+00 0.0000e+00]
 [1.4000e+00 2.0000e-01 0.0000e+00 0.0000e+00 0.0000e+00 0.0000e+00
  0.0000e+00 1.2000e+00 6.2060e+02 0.0000e+00 2.0000e-01 2.0000e-01]
 [4.0000e-01 0.0000e+00 0.0000e+00 0.0000e+00 0.0000e+00 0.0000e+00
  0.0000e+00 0.0000e+00 0.0000e+00 6.1100e+02 0.0000e+00 0.0000e+00]
 [4.0000e-01 2.0000e-01 0.0000e+00 2.0000e-01 0.0000e+00 0.0000e+00
  0.0000e+00 2.0000e-01 0.0000e+00 2.0000e-01 5.3680e+02 2.0000e-01]
 [2.0000e-01 8.0000e-01 0.0000e+00 2.0000e-01 0.0000e+00 8.0000e-01
  0.0000e+00 0.0000e+00 2.0000e-01 4.0000e-01 1.6000e+00 6.3700e+02]]
Total time elapsed: 164336.9502s