Mean accuracy: 0.9889 (std=0.010)
Mean F1 score: 0.9889 (std=0.010)
Mean confusion matrix:
[[3.8794e+03 8.4000e+00 5.2000e+00 1.0000e+00 3.0000e+00 3.4000e+00
  4.0000e+00 3.8000e+00 3.0000e+00 1.8000e+00 1.6000e+00 1.4000e+00]
 [8.8000e+00 6.1480e+02 0.0000e+00 0.0000e+00 0.0000e+00 9.0000e+00
  2.0000e-01 0.0000e+00 1.0000e+00 0.0000e+00 8.0000e-01 2.0000e+00]
 [3.8000e+00 0.0000e+00 6.9460e+02 0.0000e+00 0.0000e+00 0.0000e+00
  0.0000e+00 0.0000e+00 0.0000e+00 0.0000e+00 0.0000e+00 0.0000e+00]
 [2.0000e+00 1.0000e+00 0.0000e+00 6.0840e+02 0.0000e+00 0.0000e+00
  0.0000e+00 0.0000e+00 2.0000e-01 2.0000e-01 1.4000e+00 8.0000e-01]
 [8.0000e-01 0.0000e+00 4.0000e-01 0.0000e+00 6.1860e+02 0.0000e+00
  0.0000e+00 0.0000e+00 0.0000e+00 2.0000e-01 2.0000e-01 0.0000e+00]
 [8.0000e-01 4.0000e+00 0.0000e+00 2.0000e-01 0.0000e+00 6.0740e+02
  0.0000e+00 0.0000e+00 0.0000e+00 0.0000e+00 0.0000e+00 2.4000e+00]
 [1.8000e+00 0.0000e+00 0.0000e+00 0.0000e+00 2.0000e-01 0.0000e+00
  6.0940e+02 0.0000e+00 2.0000e-01 0.0000e+00 0.0000e+00 0.0000e+00]
 [2.0000e+00 8.0000e-01 0.0000e+00 6.0000e-01 2.0000e-01 0.0000e+00
  0.0000e+00 6.2400e+02 3.2000e+00 0.0000e+00 0.0000e+00 0.0000e+00]
 [2.8000e+00 1.0000e+00 0.0000e+00 0.0000e+00 0.0000e+00 4.0000e-01
  0.0000e+00 4.0000e+00 6.1360e+02 0.0000e+00 2.0000e-01 1.8000e+00]
 [1.8000e+00 0.0000e+00 0.0000e+00 0.0000e+00 0.0000e+00 0.0000e+00
  0.0000e+00 0.0000e+00 4.0000e-01 6.0800e+02 4.0000e-01 8.0000e-01]
 [2.0000e+00 1.2000e+00 0.0000e+00 2.6000e+00 0.0000e+00 0.0000e+00
  0.0000e+00 0.0000e+00 4.0000e-01 4.0000e-01 5.3080e+02 8.0000e-01]
 [1.2000e+00 3.2000e+00 0.0000e+00 0.0000e+00 0.0000e+00 3.6000e+00
  0.0000e+00 0.0000e+00 1.2000e+00 1.2000e+00 2.4000e+00 6.2840e+02]]
Total time elapsed: 180108.5160s