Mean accuracy: 0.0716 (std=0.002)
Mean F1 score: 0.0303 (std=0.001)
Mean confusion matrix:
[[0.0000e+00 4.0000e-01 1.0040e+02 2.6400e+01 3.6706e+03 0.0000e+00
  1.5400e+01 5.0000e+00 1.1600e+01 1.6400e+01 6.9400e+01 4.0000e-01]
 [0.0000e+00 0.0000e+00 2.0000e-01 0.0000e+00 6.2400e+02 0.0000e+00
  0.0000e+00 0.0000e+00 1.2000e+00 0.0000e+00 1.1200e+01 0.0000e+00]
 [0.0000e+00 0.0000e+00 7.9600e+01 0.0000e+00 6.1880e+02 0.0000e+00
  0.0000e+00 0.0000e+00 0.0000e+00 0.0000e+00 0.0000e+00 0.0000e+00]
 [0.0000e+00 0.0000e+00 8.0000e-01 6.8000e+00 5.6940e+02 0.0000e+00
  0.0000e+00 0.0000e+00 4.0000e-01 0.0000e+00 3.6600e+01 0.0000e+00]
 [0.0000e+00 0.0000e+00 0.0000e+00 0.0000e+00 6.2020e+02 0.0000e+00
  0.0000e+00 0.0000e+00 0.0000e+00 0.0000e+00 0.0000e+00 0.0000e+00]
 [0.0000e+00 6.0000e-01 2.0000e-01 2.0000e-01 5.5700e+02 0.0000e+00
  4.0000e-01 2.0000e-01 1.3200e+01 0.0000e+00 4.2400e+01 6.0000e-01]
 [0.0000e+00 0.0000e+00 4.0000e-01 0.0000e+00 5.9340e+02 0.0000e+00
  1.4400e+01 0.0000e+00 2.0000e-01 0.0000e+00 2.8000e+00 4.0000e-01]
 [0.0000e+00 0.0000e+00 6.0000e-01 0.0000e+00 6.0020e+02 0.0000e+00
  2.0000e-01 2.6000e+00 1.2600e+01 0.0000e+00 1.4600e+01 0.0000e+00]
 [0.0000e+00 0.0000e+00 0.0000e+00 0.0000e+00 6.2120e+02 0.0000e+00
  0.0000e+00 0.0000e+00 1.8000e+00 0.0000e+00 8.0000e-01 0.0000e+00]
 [0.0000e+00 4.0000e-01 1.1400e+01 3.3000e+01 3.2500e+02 0.0000e+00
  0.0000e+00 6.0000e-01 9.4000e+00 4.4400e+01 1.8680e+02 4.0000e-01]
 [0.0000e+00 0.0000e+00 0.0000e+00 0.0000e+00 5.3800e+02 0.0000e+00
  0.0000e+00 0.0000e+00 0.0000e+00 0.0000e+00 2.0000e-01 0.0000e+00]
 [0.0000e+00 0.0000e+00 0.0000e+00 0.0000e+00 6.3820e+02 0.0000e+00
  0.0000e+00 0.0000e+00 0.0000e+00 0.0000e+00 3.0000e+00 0.0000e+00]]
Total time elapsed: 370.8295s