Mean accuracy: 0.9972 (std=0.001)
Mean F1 score: 0.9972 (std=0.001)
Mean confusion matrix:
[[3.910e+03 1.000e+00 2.600e+00 4.000e-01 0.000e+00 0.000e+00 1.200e+00
  2.000e-01 0.000e+00 2.000e-01 2.000e-01 2.000e-01]
 [9.600e+00 6.264e+02 0.000e+00 0.000e+00 0.000e+00 4.000e-01 0.000e+00
  0.000e+00 0.000e+00 0.000e+00 0.000e+00 2.000e-01]
 [3.600e+00 0.000e+00 6.948e+02 0.000e+00 0.000e+00 0.000e+00 0.000e+00
  0.000e+00 0.000e+00 0.000e+00 0.000e+00 0.000e+00]
 [2.000e-01 0.000e+00 0.000e+00 6.138e+02 0.000e+00 0.000e+00 0.000e+00
  0.000e+00 0.000e+00 0.000e+00 0.000e+00 0.000e+00]
 [0.000e+00 0.000e+00 0.000e+00 0.000e+00 6.202e+02 0.000e+00 0.000e+00
  0.000e+00 0.000e+00 0.000e+00 0.000e+00 0.000e+00]
 [2.000e-01 4.400e+00 0.000e+00 0.000e+00 0.000e+00 6.086e+02 0.000e+00
  0.000e+00 0.000e+00 0.000e+00 0.000e+00 1.600e+00]
 [8.000e-01 0.000e+00 0.000e+00 0.000e+00 0.000e+00 0.000e+00 6.108e+02
  0.000e+00 0.000e+00 0.000e+00 0.000e+00 0.000e+00]
 [2.000e-01 0.000e+00 0.000e+00 0.000e+00 0.000e+00 0.000e+00 0.000e+00
  6.298e+02 8.000e-01 0.000e+00 0.000e+00 0.000e+00]
 [2.000e-01 0.000e+00 0.000e+00 0.000e+00 0.000e+00 0.000e+00 0.000e+00
  2.000e-01 6.234e+02 0.000e+00 0.000e+00 0.000e+00]
 [0.000e+00 0.000e+00 0.000e+00 0.000e+00 0.000e+00 0.000e+00 0.000e+00
  0.000e+00 0.000e+00 6.114e+02 0.000e+00 0.000e+00]
 [2.000e-01 0.000e+00 0.000e+00 0.000e+00 0.000e+00 0.000e+00 0.000e+00
  0.000e+00 0.000e+00 0.000e+00 5.380e+02 0.000e+00]
 [6.000e-01 4.000e-01 0.000e+00 2.000e-01 0.000e+00 2.000e-01 0.000e+00
  0.000e+00 2.000e-01 0.000e+00 0.000e+00 6.396e+02]]
Total time elapsed: 18260.3418s