Mean accuracy: 0.9916 (std=0.001)
Mean F1 score: 0.9916 (std=0.001)
Mean confusion matrix:
[[3.8956e+03 4.0000e-01 7.0000e+00 2.0000e-01 0.0000e+00 4.0000e-01
  7.2000e+00 1.0000e+00 1.0000e+00 2.0000e-01 1.6000e+00 1.4000e+00]
 [1.5400e+01 6.0740e+02 0.0000e+00 0.0000e+00 0.0000e+00 1.0200e+01
  0.0000e+00 0.0000e+00 0.0000e+00 0.0000e+00 0.0000e+00 3.6000e+00]
 [7.0000e+00 2.0000e-01 6.9100e+02 0.0000e+00 0.0000e+00 0.0000e+00
  0.0000e+00 0.0000e+00 0.0000e+00 0.0000e+00 2.0000e-01 0.0000e+00]
 [3.2000e+00 0.0000e+00 0.0000e+00 6.1020e+02 0.0000e+00 0.0000e+00
  0.0000e+00 0.0000e+00 0.0000e+00 0.0000e+00 6.0000e-01 0.0000e+00]
 [2.0000e-01 0.0000e+00 0.0000e+00 0.0000e+00 6.2000e+02 0.0000e+00
  0.0000e+00 0.0000e+00 0.0000e+00 0.0000e+00 0.0000e+00 0.0000e+00]
 [6.0000e-01 2.8000e+00 0.0000e+00 0.0000e+00 0.0000e+00 6.0980e+02
  0.0000e+00 0.0000e+00 0.0000e+00 0.0000e+00 0.0000e+00 1.6000e+00]
 [4.8000e+00 0.0000e+00 0.0000e+00 0.0000e+00 0.0000e+00 0.0000e+00
  6.0680e+02 0.0000e+00 0.0000e+00 0.0000e+00 0.0000e+00 0.0000e+00]
 [4.0000e+00 0.0000e+00 0.0000e+00 0.0000e+00 0.0000e+00 0.0000e+00
  0.0000e+00 6.2560e+02 1.2000e+00 0.0000e+00 0.0000e+00 0.0000e+00]
 [2.0000e+00 0.0000e+00 0.0000e+00 0.0000e+00 0.0000e+00 0.0000e+00
  0.0000e+00 3.6000e+00 6.1800e+02 0.0000e+00 0.0000e+00 2.0000e-01]
 [0.0000e+00 0.0000e+00 0.0000e+00 0.0000e+00 0.0000e+00 0.0000e+00
  0.0000e+00 0.0000e+00 0.0000e+00 6.1140e+02 0.0000e+00 0.0000e+00]
 [8.0000e-01 0.0000e+00 0.0000e+00 0.0000e+00 0.0000e+00 0.0000e+00
  0.0000e+00 0.0000e+00 0.0000e+00 0.0000e+00 5.3720e+02 2.0000e-01]
 [5.8000e+00 6.0000e-01 0.0000e+00 0.0000e+00 0.0000e+00 1.0000e+00
  0.0000e+00 0.0000e+00 0.0000e+00 0.0000e+00 0.0000e+00 6.3380e+02]]
Total time elapsed: 260.2394s