Mean accuracy: 0.7775 (std=0.051)
Mean F1 score: 0.7720 (std=0.055)
Mean confusion matrix:
[[3.3996e+03 2.5400e+01 6.3600e+01 5.1600e+01 6.0200e+01 5.7400e+01
  7.4600e+01 6.8400e+01 1.1000e+01 3.7200e+01 4.2400e+01 2.4600e+01]
 [9.8200e+01 2.7380e+02 6.0000e-01 1.4200e+01 8.0000e-01 8.6800e+01
  0.0000e+00 3.8800e+01 2.4600e+01 6.0000e-01 1.4000e+01 8.4200e+01]
 [7.9600e+01 0.0000e+00 6.1360e+02 0.0000e+00 2.8000e+00 0.0000e+00
  2.0000e-01 6.0000e-01 0.0000e+00 0.0000e+00 2.0000e-01 1.4000e+00]
 [1.3140e+02 7.8000e+00 0.0000e+00 4.2700e+02 2.0000e-01 4.0000e-01
  0.0000e+00 8.4000e+00 1.1600e+01 1.3600e+01 1.0800e+01 2.8000e+00]
 [3.4000e+01 0.0000e+00 2.0000e-01 3.2000e+00 5.7260e+02 1.0000e+00
  0.0000e+00 2.0000e+00 1.6000e+00 1.0000e+00 2.4000e+00 2.2000e+00]
 [5.2400e+01 4.3800e+01 4.0000e-01 1.2800e+01 4.0000e-01 4.2120e+02
  4.0000e-01 1.4600e+01 1.2000e+01 1.0000e+00 2.0000e+00 5.3800e+01]
 [4.6800e+01 2.0000e-01 0.0000e+00 0.0000e+00 8.0000e-01 0.0000e+00
  5.6320e+02 2.0000e-01 0.0000e+00 0.0000e+00 2.0000e-01 2.0000e-01]
 [9.0800e+01 2.9600e+01 4.0000e-01 8.4000e+00 8.0000e-01 4.0000e+00
  6.0000e-01 3.8640e+02 8.8000e+01 8.0000e-01 7.2000e+00 1.3800e+01]
 [5.2200e+01 3.2200e+01 4.0000e-01 8.6000e+00 4.0000e-01 1.1400e+01
  2.0000e-01 8.2000e+01 4.0840e+02 6.0000e-01 8.4000e+00 1.9000e+01]
 [4.3400e+01 4.0000e-01 0.0000e+00 5.2000e+00 2.0000e-01 8.0000e-01
  6.0000e-01 6.4000e+00 3.2000e+00 5.4820e+02 1.0000e+00 2.0000e+00]
 [1.1220e+02 1.7000e+01 0.0000e+00 2.2200e+01 0.0000e+00 2.8000e+00
  0.0000e+00 6.2000e+00 1.0200e+01 9.8000e+00 3.1840e+02 3.9400e+01]
 [7.5600e+01 2.8800e+01 2.0000e-01 9.6000e+00 6.0000e-01 5.5400e+01
  0.0000e+00 1.0200e+01 1.9400e+01 2.0000e-01 9.6000e+00 4.3160e+02]]
Total time elapsed: 173356.0503s