Mean accuracy: 0.9884 (std=0.001)
Mean F1 score: 0.9883 (std=0.001)
Mean confusion matrix:
[[3.9048e+03 6.0000e-01 4.2000e+00 6.0000e-01 2.0000e-01 4.0000e-01
  3.0000e+00 0.0000e+00 2.0000e-01 6.0000e-01 4.0000e-01 1.0000e+00]
 [1.2200e+01 5.6360e+02 0.0000e+00 0.0000e+00 0.0000e+00 5.5400e+01
  0.0000e+00 0.0000e+00 0.0000e+00 0.0000e+00 2.0000e-01 5.2000e+00]
 [4.6000e+00 0.0000e+00 6.9380e+02 0.0000e+00 0.0000e+00 0.0000e+00
  0.0000e+00 0.0000e+00 0.0000e+00 0.0000e+00 0.0000e+00 0.0000e+00]
 [1.4000e+00 2.0000e-01 0.0000e+00 6.1200e+02 0.0000e+00 0.0000e+00
  0.0000e+00 0.0000e+00 0.0000e+00 0.0000e+00 4.0000e-01 0.0000e+00]
 [4.0000e-01 0.0000e+00 0.0000e+00 0.0000e+00 6.1980e+02 0.0000e+00
  0.0000e+00 0.0000e+00 0.0000e+00 0.0000e+00 0.0000e+00 0.0000e+00]
 [0.0000e+00 4.6000e+00 0.0000e+00 0.0000e+00 0.0000e+00 6.0980e+02
  0.0000e+00 0.0000e+00 0.0000e+00 0.0000e+00 0.0000e+00 4.0000e-01]
 [3.4000e+00 0.0000e+00 0.0000e+00 0.0000e+00 0.0000e+00 0.0000e+00
  6.0820e+02 0.0000e+00 0.0000e+00 0.0000e+00 0.0000e+00 0.0000e+00]
 [2.0000e-01 0.0000e+00 0.0000e+00 0.0000e+00 0.0000e+00 0.0000e+00
  0.0000e+00 6.3000e+02 6.0000e-01 0.0000e+00 0.0000e+00 0.0000e+00]
 [0.0000e+00 2.0000e-01 0.0000e+00 0.0000e+00 0.0000e+00 0.0000e+00
  0.0000e+00 6.8000e+00 6.1680e+02 0.0000e+00 0.0000e+00 0.0000e+00]
 [4.0000e-01 0.0000e+00 0.0000e+00 0.0000e+00 0.0000e+00 0.0000e+00
  0.0000e+00 0.0000e+00 0.0000e+00 6.1100e+02 0.0000e+00 0.0000e+00]
 [6.0000e-01 2.0000e-01 0.0000e+00 1.2000e+00 0.0000e+00 0.0000e+00
  0.0000e+00 2.0000e-01 4.0000e-01 0.0000e+00 5.3100e+02 4.6000e+00]
 [1.2000e+00 4.4000e+00 0.0000e+00 2.0000e-01 0.0000e+00 2.8000e+00
  0.0000e+00 0.0000e+00 0.0000e+00 2.0000e-01 1.2000e+00 6.3120e+02]]
Total time elapsed: 56746.1113s